100
66925
83244
45325
39503
89717
36928
82806
12119
82552
50336
14961
11809
97354
30090
3958
87095
38666
21168
59398
31502
3826
70810
32914
53707
96337
37281
39428
89145
99893
42012
1767
82001
86137
56769
43278
96458
13275
84354
40426
10327
6696
29314
84200
49150
98465
26102
65259
39468
92057
77284
83017
22639
4438
4498
90480
97372
28950
83211
30813
8883
65635
70004
90508
88754
62319
28243
27075
85550
45868
66784
51359
91618
82092
90272
9219
93350
75225
71037
65417
2530
61058
49139
95554
65027
61625
27965
1620
89828
14386
1461
97886
33378
20249
83900
53653
97061
36486
91679
38482
60923
