100
6803891
2848961
4505339
4501441
5819371
214727
5043521
4085171
8754721
1065251
7507207
1712681
401233
3960961
810441
2370919
3144636
7203201
8596773
7639674
5696751
371369
7597827
8447105
4646552
1731841
192777
7323633
4609345
1230731
4286145
9692481
2986177
1324993
2836844
2057651
3974447
4010585
8188481
3229936
6007407
9912956
5431311
7148377
7760221
3828689
4210826
2878501
7570001
8296057
3811313
3193595
3898567
775487
3676601
9117441
5417201
9375409
4857543
7015553
9309989
3186545
593097
5127201
2529041
2480761
1955151
8813621
9098951
3100989
4175489
7397607
4077825
5110501
6301785
3012701
3584936
4260991
5204181
9787201
9061317
8084765
4834737
5482786
2887745
3587623
7289769
5401363
1850449
3369601
1815561
4117761
9438081
4019354
871841
8889765
820961
8704797
8625921
18845
