100
50825245
15048876
27406465
33009809
61812951
48515601
65740081
59434841
814727
67357361
14173141
67053873
75215001
97100255
2620776
72718025
77833985
4589231
31448877
3901229
44146881
90162831
59232827
92283783
93901583
45281793
59406346
237521
69649145
74932201
28650659
32467436
17714368
68365441
86147991
53677881
71370609
24568169
41870331
69470381
23491601
57142081
98164781
42543201
43150711
51110851
25307137
49290651
23987937
53092947
25913441
98743929
53450497
70420866
33184129
26493655
50668496
92802036
77038421
16770835
3760651
90077026
97749047
88150307
88382209
75832046
97980649
58126401
3351137
88868441
74047489
4879483
53784451
95121733
98381426
10187201
9023463
88218536
74373233
92047493
14660801
89296561
86381586
8847643
31702821
97733316
73005251
46535617
43792401
28473281
78737713
63278821
33342449
33439393
83317361
79421925
51637665
3872955
7403109
63080001
