100
119003433
875232321
540921251
73634497
256184057
886289049
691110561
867314411
773940148
917509003
978045521
837225089
213888097
502514377
593660001
160736401
404153291
272639121
523934717
553084241
787516601
895500241
814942177
360926981
733698193
349362001
46929651
421681601
608213289
570104681
296966837
606417101
44115921
662161921
858786305
730562001
149616595
746805269
651524344
823514215
595269761
50106321
325316959
756428570
414460545
207419145
110350061
404090881
25127953
524569393
751785769
385823701
726948993
955907333
324252361
143674945
368611561
495394625
378360135
576770826
763260001
362506881
22612297
567337297
224427121
300317617
128792018
142449801
61802997
916418361
538506753
850387201
632051331
373492881
823337129
6069291
239556389
55502909
904338616
616701441
763142751
237424916
983045561
865479329
25003601
602285823
675634689
872496457
137294461
74188601
32950816
791030785
192551773
369223433
385609626
236650546
646771221
293464101
274076421
93643341
