5000
1
49
701
1
473
241
401
649
525
697
901
1
889
651
601
909
821
296
625
961
1
1
65
601
114
491
29
1
441
371
801
211
809
773
889
781
145
321
613
1
841
751
1
709
881
607
513
661
501
577
751
204
885
381
645
849
261
743
89
601
516
906
306
329
418
891
15
881
481
271
105
663
506
411
576
553
385
361
417
1
922
775
176
33
158
271
819
760
967
503
425
941
649
361
922
211
769
553
927
41
921
401
81
661
741
81
553
486
985
181
793
753
265
865
651
337
301
426
477
41
1
921
503
456
51
829
541
129
661
537
961
941
85
441
515
965
251
821
467
541
341
209
889
1
949
663
471
597
661
866
356
289
850
441
569
785
96
401
105
471
799
293
101
313
95
25
245
561
161
745
521
603
209
201
305
281
401
801
501
147
442
869
26
701
321
526
825
501
289
77
25
217
693
861
301
756
577
959
581
231
906
617
825
32
391
993
371
326
793
950
405
265
896
857
969
1
371
9
385
986
445
497
228
521
533
697
616
351
231
561
361
181
416
401
833
601
469
791
801
561
661
585
609
641
854
619
353
864
673
843
361
137
353
465
1
967
913
657
507
591
405
367
161
939
753
881
661
883
205
41
249
551
241
21
521
825
501
351
1
369
577
571
875
781
601
625
161
521
81
289
801
228
141
136
993
149
197
261
73
111
951
548
721
449
1
553
95
37
739
825
81
261
299
961
241
561
519
391
57
501
689
627
497
966
641
1
88
106
161
281
393
853
317
601
451
209
153
191
873
41
897
415
361
369
881
341
107
86
841
401
41
681
665
189
1
251
701
1
152
875
751
821
926
220
291
751
951
451
745
977
601
733
681
851
371
237
16
5
549
441
769
887
609
819
321
799
401
173
401
769
871
409
201
545
926
469
161
817
557
31
601
759
577
161
937
915
801
698
377
1
521
461
553
401
601
921
649
991
521
841
212
168
846
345
793
129
105
569
641
569
206
801
57
161
921
753
1
126
685
97
251
753
937
503
499
177
197
601
849
971
121
441
601
272
353
9
33
251
241
71
926
681
881
61
971
77
453
601
129
809
77
869
251
241
169
805
561
893
281
601
453
471
237
313
865
301
521
726
17
721
501
973
201
401
815
401
76
991
601
830
889
1
185
176
597
351
921
735
647
23
821
576
501
997
801
777
101
543
649
901
321
790
577
1
613
227
683
801
529
201
721
441
239
541
281
8
427
806
921
102
188
251
281
526
509
921
372
281
146
441
761
71
761
889
81
833
273
293
985
172
377
337
89
145
51
989
697
301
961
905
41
644
201
417
921
641
121
242
504
781
401
67
701
241
535
387
921
91
670
381
23
837
1
227
173
471
609
676
17
1
831
106
949
41
875
523
204
551
193
865
565
321
532
157
809
441
737
266
485
921
151
431
813
705
41
661
913
563
859
121
450
179
191
305
915
201
899
521
414
611
121
361
401
901
41
266
385
17
105
901
961
381
211
485
517
751
752
921
649
216
241
591
561
41
153
496
985
761
721
916
54
815
921
801
721
951
337
801
801
925
906
916
545
160
465
161
896
199
873
241
449
313
729
401
947
251
146
601
745
753
671
849
497
927
1
833
601
61
641
791
180
81
711
101
323
753
54
871
337
281
463
1
311
981
565
457
601
1
151
821
281
326
881
597
411
329
681
706
393
669
545
673
549
606
359
281
761
217
501
273
105
741
121
777
39
701
705
373
399
225
429
126
776
161
585
641
5
241
887
657
209
551
685
156
993
469
317
901
861
226
797
836
827
151
541
94
41
601
181
41
491
801
465
521
49
913
761
986
313
873
841
637
583
89
289
931
105
527
633
961
286
803
341
943
541
853
1
793
601
889
157
801
881
433
597
1
865
161
731
241
963
417
221
17
853
839
961
470
101
101
433
61
600
105
491
912
577
409
1
673
521
165
149
393
25
401
825
475
121
818
649
651
569
1
795
776
449
817
121
701
809
55
786
321
781
991
453
873
983
769
263
951
389
651
947
663
801
937
401
143
681
625
9
277
629
801
643
701
201
941
151
821
719
697
230
281
649
531
673
601
591
181
141
42
81
970
649
461
481
811
529
681
121
969
665
901
341
489
857
601
881
33
601
161
281
867
441
41
702
281
641
529
902
281
201
235
129
833
839
385
809
509
473
801
189
736
609
986
201
971
57
641
791
973
473
251
457
721
65
381
17
579
393
216
315
1
949
297
361
361
249
945
141
846
7
451
377
209
949
491
966
721
991
297
933
299
539
81
730
535
841
681
598
156
653
957
869
701
905
397
889
961
185
337
321
121
293
977
381
517
655
841
287
233
931
570
201
97
887
657
593
701
971
117
953
391
951
749
551
716
185
926
669
233
157
113
461
931
601
782
249
931
375
321
381
693
127
321
851
551
528
901
153
657
11
953
83
33
726
4
741
545
849
681
721
281
516
929
849
637
273
849
553
813
849
981
989
673
251
441
491
401
281
500
353
475
497
957
37
307
616
571
25
281
181
121
709
431
691
261
251
601
919
1
889
481
9
546
929
881
41
361
1
346
777
451
661
78
684
279
117
751
141
177
209
801
145
937
591
151
994
141
402
651
665
549
468
493
161
875
338
697
881
177
361
77
851
111
863
323
373
653
665
244
409
251
521
489
73
801
801
721
243
161
811
593
751
376
433
921
306
520
527
236
251
201
551
885
393
145
251
836
682
327
901
697
649
849
557
866
673
593
601
41
481
793
601
417
521
563
121
209
101
251
201
828
616
176
921
851
1
73
291
906
985
729
191
401
601
681
329
501
201
720
787
381
685
972
578
795
859
51
726
87
637
261
505
33
661
1
1
621
33
721
353
196
697
349
573
28
737
175
691
521
961
561
993
401
823
972
331
161
351
35
384
457
985
401
697
33
1
995
833
281
913
121
661
991
177
470
193
521
527
217
681
349
643
401
796
691
535
541
136
181
61
651
613
721
409
181
573
429
469
276
665
726
241
686
552
767
421
401
393
445
634
141
661
945
665
177
851
697
81
201
341
761
737
365
289
91
701
401
331
725
281
921
161
113
201
289
241
241
981
501
361
457
911
209
760
376
817
257
417
417
643
701
849
473
361
653
461
207
297
505
801
621
539
341
385
761
101
741
332
561
231
506
499
661
785
969
161
321
1
645
413
593
593
353
975
597
26
688
921
401
961
1
281
113
125
1
401
837
905
473
41
931
865
126
181
321
639
751
703
321
985
601
501
730
793
841
851
749
473
745
609
365
33
573
401
856
369
661
36
31
961
426
238
153
495
41
995
473
601
521
209
801
859
987
476
201
267
413
929
511
826
646
881
1
627
51
91
698
927
913
506
801
671
49
489
987
959
81
681
616
921
561
321
105
731
727
809
157
277
449
21
757
251
417
261
811
701
705
440
41
424
501
291
699
621
289
621
293
57
753
513
305
539
721
549
277
301
781
320
641
441
29
366
801
793
873
697
841
974
825
837
469
273
509
189
1
601
451
969
136
459
129
233
243
255
521
681
121
361
137
216
266
521
633
49
121
831
671
481
543
971
1
901
801
336
512
305
825
313
369
191
17
21
553
481
441
441
859
321
126
955
249
533
561
481
286
873
901
959
921
617
701
46
136
648
575
201
733
441
805
293
913
21
697
33
777
769
707
401
501
309
271
651
441
133
1
905
201
211
546
671
409
609
851
751
201
729
861
65
105
1
777
731
681
601
867
301
785
561
892
1
271
971
225
849
491
101
321
859
401
905
996
981
951
76
601
761
901
241
155
4
201
981
613
1
785
791
281
409
201
39
821
809
583
763
61
793
409
315
11
201
849
129
911
877
941
601
414
209
145
889
909
239
785
491
1
401
809
597
951
169
721
281
101
501
33
173
212
143
881
49
501
416
841
241
700
801
81
745
617
405
960
209
929
761
864
289
577
209
657
971
201
419
172
361
961
961
196
221
13
441
81
329
292
1
483
741
826
911
261
285
956
181
89
81
541
406
101
521
801
101
601
489
277
337
331
171
95
361
213
997
278
1
533
818
57
151
362
161
521
625
901
979
89
743
611
961
422
57
711
751
601
521
76
409
251
33
741
849
201
721
411
236
301
145
801
976
793
801
893
657
463
441
21
269
525
389
401
413
866
601
937
219
1
961
761
481
200
865
529
465
743
351
256
305
869
705
281
37
201
469
721
329
243
905
959
669
101
193
815
445
266
353
247
941
107
41
626
678
593
785
791
601
77
593
505
582
861
649
361
337
601
593
951
6
717
401
589
641
929
785
615
561
131
201
23
401
281
971
427
209
186
961
801
81
321
153
817
101
521
637
741
141
873
109
361
151
549
897
801
737
231
741
81
401
31
89
633
673
933
201
233
260
486
529
17
137
775
151
303
769
625
981
968
773
401
297
161
961
761
633
738
812
565
751
713
681
176
169
601
801
517
1
401
737
401
443
98
13
271
913
321
653
489
201
851
961
693
825
986
505
165
881
561
1
1
307
577
297
561
61
981
561
199
59
921
201
526
376
441
501
471
801
391
76
899
497
365
185
981
489
169
583
251
151
825
477
675
258
501
737
721
961
651
9
705
985
1
481
126
197
529
731
689
411
601
321
526
81
1
881
537
489
781
778
665
481
913
963
233
105
625
167
841
182
569
425
921
881
521
201
865
153
581
751
995
729
101
245
512
769
301
793
361
601
179
129
937
941
371
673
946
417
33
461
169
614
431
89
790
23
59
813
369
5
291
26
351
241
9
321
641
669
257
479
441
645
882
521
801
341
767
641
793
117
378
465
718
173
186
667
41
161
35
417
633
915
369
549
537
361
177
471
1
809
301
359
401
436
761
741
297
351
673
126
29
865
649
873
286
57
152
475
424
505
537
481
165
961
53
21
249
30
197
31
865
497
561
761
833
301
681
241
1
713
103
865
141
609
441
501
801
341
561
265
261
915
946
321
196
97
880
215
153
45
849
11
469
825
785
691
523
287
301
821
657
131
367
518
411
595
693
401
769
729
576
397
224
306
203
25
610
61
473
991
601
305
849
751
629
467
81
995
176
705
1
501
793
137
751
401
472
241
621
16
1
73
721
321
9
796
497
182
755
176
421
208
441
966
525
681
747
483
631
127
331
25
185
525
201
91
891
1
825
326
883
151
7
461
561
501
811
105
573
625
361
858
47
985
462
843
493
151
661
801
911
561
331
641
713
237
376
785
593
121
253
103
297
601
631
101
91
771
201
70
289
225
233
401
697
905
355
691
713
501
713
141
907
741
658
801
601
801
861
325
797
181
667
421
459
939
31
29
671
111
648
281
157
772
476
141
801
155
833
201
371
851
41
721
801
281
911
651
859
233
526
975
633
9
782
338
297
76
919
919
41
497
601
301
445
275
657
405
43
489
201
431
89
193
367
266
381
531
1
177
905
617
823
209
267
265
283
377
941
817
725
341
377
461
61
783
940
755
995
553
361
781
581
747
61
201
181
346
1
341
625
537
681
671
861
444
385
125
14
513
337
561
449
1
525
409
763
49
201
626
409
317
931
321
621
233
465
941
889
585
753
849
261
897
241
981
433
361
885
201
573
841
915
742
353
361
351
921
241
151
671
817
641
845
983
457
500
793
281
669
345
927
1
551
11
311
297
141
953
496
491
415
521
161
521
191
753
17
601
643
801
803
449
97
769
317
841
561
1
286
369
633
641
881
489
91
841
605
896
885
113
347
469
345
126
521
574
501
471
883
105
903
41
934
321
201
669
385
809
741
606
829
1
277
557
801
349
893
332
457
711
761
641
291
791
81
631
271
211
812
521
541
101
781
825
561
141
889
121
233
859
651
976
401
637
329
681
506
481
421
161
569
775
726
131
251
493
145
705
481
493
481
641
641
961
669
681
581
961
453
361
173
806
873
929
385
176
31
127
921
741
909
841
218
313
73
526
181
481
981
81
345
953
801
777
750
641
976
211
1
501
521
73
157
821
841
534
789
401
721
331
301
853
41
709
83
921
833
73
911
513
381
972
777
903
791
45
251
901
872
577
357
134
998
706
153
721
851
57
161
877
521
301
439
295
889
921
233
361
641
609
451
145
123
501
931
708
759
801
905
821
713
243
106
1
936
841
37
915
893
451
919
249
373
361
685
811
209
621
841
171
737
653
633
361
775
931
529
793
901
697
251
205
1
729
673
853
201
446
156
481
129
401
1
1
113
85
201
601
703
326
297
759
349
41
59
50
577
315
635
889
29
57
886
889
281
41
702
149
921
961
209
781
4
801
553
961
56
701
453
1
225
201
811
977
345
277
471
368
93
901
177
501
433
393
699
726
641
679
201
265
831
701
641
961
979
417
565
225
241
43
505
801
961
81
881
641
249
561
829
81
569
675
651
665
457
551
721
251
177
569
171
561
669
985
601
301
81
153
501
338
616
321
91
841
721
141
721
257
520
481
617
736
716
177
57
631
591
353
721
821
896
825
561
513
601
237
931
601
481
361
345
809
103
450
201
761
393
181
601
111
849
841
701
641
182
585
841
461
153
409
713
177
633
685
161
709
183
597
433
861
889
481
538
506
449
481
867
451
117
1
581
215
289
921
753
169
81
401
209
761
876
419
857
897
986
633
95
333
113
421
876
129
580
545
175
801
761
631
217
195
705
84
376
321
341
601
881
857
595
201
501
293
101
919
67
1
1
143
421
261
621
825
844
537
369
521
417
121
153
751
209
63
1
455
271
801
481
657
377
516
71
889
757
701
267
911
876
122
161
401
889
81
361
993
713
251
265
133
817
81
1
526
301
801
201
827
261
321
601
1
737
601
613
271
899
490
326
553
107
777
869
763
442
57
721
13
233
677
182
620
581
198
831
391
391
381
589
59
405
92
189
441
39
951
527
90
537
897
21
351
761
943
251
821
551
117
153
961
325
921
729
833
201
951
857
901
692
661
513
953
451
441
641
721
881
889
221
33
289
71
501
840
73
662
281
305
857
263
201
101
849
81
121
729
657
457
385
841
21
699
78
501
195
169
921
841
113
849
501
993
826
401
811
41
893
521
759
248
81
426
145
1
501
569
881
809
825
927
601
889
231
553
631
1
617
429
424
841
561
612
511
777
721
17
797
641
801
993
463
341
641
641
281
73
651
1
239
527
155
29
721
313
101
65
873
261
833
765
57
333
495
721
151
296
321
546
841
721
644
1
873
389
675
651
625
607
806
881
791
897
385
833
876
113
627
697
665
81
457
85
551
279
601
995
1
71
601
201
591
527
205
241
241
32
841
851
917
389
565
401
401
141
311
329
121
109
694
506
161
251
505
617
1
933
31
561
345
786
648
116
421
321
513
681
309
26
626
592
747
829
173
455
457
1
1
1
401
473
1
361
945
993
945
141
737
665
49
401
9
553
665
497
181
721
785
248
261
441
501
537
569
436
881
615
521
811
435
297
89
612
876
601
101
953
449
401
235
928
946
217
289
661
621
85
837
531
436
37
949
377
601
261
851
401
921
317
483
389
55
611
866
453
29
221
293
365
361
41
241
457
891
636
241
201
14
305
361
985
481
230
69
881
563
131
137
401
329
681
541
499
483
73
801
101
785
201
438
401
561
321
633
93
341
271
261
809
889
13
351
906
567
55
841
209
857
73
965
326
385
721
586
177
291
124
741
224
761
353
245
941
601
601
117
201
449
201
828
135
241
925
177
801
286
601
961
601
1
881
500
741
763
273
785
725
545
141
601
889
392
753
701
654
280
851
109
385
305
793
401
323
857
672
25
261
1
681
761
591
457
501
874
958
741
153
1
561
61
331
9
841
254
597
993
951
981
801
486
386
199
921
433
31
251
721
185
1
952
843
909
516
521
376
595
1
631
961
271
665
21
791
620
257
719
681
513
501
155
463
228
833
481
84
721
623
705
1
281
356
163
537
724
941
947
417
699
1
121
45
337
101
969
785
611
47
65
567
513
781
777
353
501
697
46
251
553
271
677
953
929
401
333
669
151
341
212
423
41
881
468
791
478
801
281
425
81
81
857
905
277
417
285
1
957
451
270
441
245
571
553
321
605
561
981
193
126
826
273
57
584
471
527
881
776
249
825
1
921
401
511
501
101
201
935
145
169
69
321
130
37
217
461
541
89
561
841
651
137
481
489
83
961
651
21
61
851
161
889
949
791
501
60
401
906
604
257
791
17
453
415
705
201
355
105
481
1
281
201
913
925
761
681
656
177
565
678
721
159
253
161
349
321
101
501
497
801
816
353
727
801
393
793
569
466
508
837
301
193
929
566
601
19
631
1
481
751
991
261
191
156
673
585
121
141
905
1
326
581
151
469
601
1
641
167
719
249
269
101
345
752
689
9
937
251
593
755
405
883
137
316
501
371
105
151
451
111
501
609
389
586
561
281
303
745
861
961
21
245
401
581
881
116
1
81
501
361
732
121
705
529
577
751
185
965
601
121
951
533
641
516
193
933
189
937
53
429
376
501
261
313
801
561
401
601
65
81
873
961
721
497
786
475
404
81
641
781
473
151
801
482
121
17
361
1
793
221
306
801
573
101
551
297
961
147
249
519
250
491
119
521
321
852
895
467
557
961
945
441
151
45
477
505
89
241
633
977
31
953
605
451
301
366
269
740
671
569
491
926
396
841
401
679
736
931
57
161
921
901
435
655
451
921
585
723
561
625
485
931
633
621
905
753
253
641
1
71
499
161
523
211
729
197
293
991
731
591
129
921
821
935
231
826
721
431
206
401
65
121
101
549
880
51
441
1
384
849
881
309
817
331
105
1
401
989
41
865
849
292
465
1
930
365
841
401
465
901
767
313
897
481
737
401
236
961
512
121
443
605
401
939
153
677
361
431
267
251
983
131
157
827
521
641
1
536
81
667
453
1
638
796
961
241
201
41
951
876
183
181
71
617
182
596
329
521
513
251
921
976
519
773
649
602
455
397
105
865
201
441
389
99
841
321
101
296
169
881
491
301
31
326
985
601
586
821
153
341
781
541
985
803
459
841
776
319
861
285
81
1
385
476
417
745
541
441
101
359
598
441
311
225
741
241
657
681
897
641
1
207
221
497
961
491
473
681
327
1
53
711
25
401
137
371
201
376
1
16
481
916
207
509
101
219
201
123
955
561
935
817
676
957
761
281
376
929
937
772
551
937
51
605
609
382
291
165
441
701
929
97
697
498
281
401
61
580
159
181
529
482
271
631
803
281
249
25
201
385
21
1
401
417
841
1
773
201
897
597
41
743
501
289
661
325
721
929
764
41
491
398
828
953
683
513
385
321
51
625
501
521
315
901
737
831
201
233
32
965
436
581
507
529
295
755
309
869
937
361
1
563
63
510
753
781
9
249
701
639
856
241
825
441
332
649
501
41
625
31
721
761
861
105
949
781
684
226
541
817
137
856
313
129
497
553
681
823
945
648
351
633
293
29
841
441
441
221
817
685
919
705
497
793
567
151
341
709
301
61
557
881
185
978
881
9
25
625
501
951
817
201
687
1000
801
761
721
133
291
861
351
617
841
169
853
617
657
49
386
841
713
89
121
169
807
961
87
29
197
855
291
999
774
226
101
601
537
321
711
401
195
1
816
433
13
479
766
221
329
473
107
521
109
161
769
821
576
541
1
591
151
761
201
179
843
543
369
907
721
266
279
961
477
553
471
357
265
801
109
865
393
512
316
613
289
986
333
169
66
171
141
401
366
561
829
809
641
905
141
251
617
585
477
337
457
669
369
451
951
401
885
659
461
65
264
119
821
7
521
165
239
406
399
745
948
41
141
26
516
945
851
600
561
453
281
249
443
175
201
433
41
401
149
31
581
21
669
271
571
897
301
601
623
829
897
841
241
380
657
117
897
931
871
946
221
933
126
321
497
37
339
281
711
731
916
531
857
716
121
545
553
245
501
761
561
985
876
451
213
537
83
701
401
841
321
627
613
401
1
731
484
181
433
825
33
726
501
831
857
833
626
401
341
990
243
786
561
481
41
121
81
722
161
261
698
594
893
993
595
973
748
649
593
1
101
283
61
825
283
361
281
617
217
945
201
623
642
801
81
901
601
377
511
821
317
225
667
729
171
78
489
469
385
251
299
185
521
291
933
763
577
321
641
921
465
241
81
281
481
321
801
785
61
756
700
1
929
781
857
361
967
466
751
773
651
607
721
553
116
674
41
665
605
393
521
821
59
919
816
811
981
319
409
729
633
896
396
561
597
401
471
829
409
1
65
341
961
487
757
53
1
187
705
553
481
339
980
597
241
574
281
501
923
415
16
41
697
961
7
841
763
956
85
441
329
169
201
636
905
425
456
281
169
301
321
849
485
649
127
417
949
737
361
481
241
465
565
609
829
773
161
889
793
126
93
873
377
397
351
640
101
529
413
861
1
117
289
648
521
801
961
993
713
793
765
205
1
226
201
425
849
377
151
909
873
343
41
385
788
253
41
217
457
967
721
765
601
571
704
201
1
161
969
897
641
181
1
811
729
257
290
281
741
707
397
61
877
803
1
949
285
769
499
573
261
65
121
743
401
857
911
401
301
441
578
598
561
913
171
61
801
373
565
241
829
261
801
386
369
601
485
757
281
551
465
941
376
313
797
781
257
376
521
616
38
147
416
501
281
697
51
926
637
529
24
185
821
951
396
571
527
679
593
321
61
581
262
305
649
581
901
197
1
865
905
375
129
417
49
406
881
217
331
121
9
961
626
251
740
431
869
235
973
933
201
561
605
921
263
961
1
629
454
289
341
281
409
901
513
969
931
1
933
681
341
321
841
801
565
161
921
429
321
812
981
1
445
721
509
761
382
51
171
57
173
501
489
201
401
133
77
963
841
263
341
384
1
671
221
401
226
991
905
40
881
715
405
487
93
943
901
257
769
719
541
41
113
145
133
521
581
261
757
701
273
201
571
881
346
941
523
265
721
301
957
625
585
593
489
206
1
555
366
758
251
795
913
113
521
361
726
616
961
745
601
451
736
601
123
961
377
547
701
928
76
937
401
931
509
72
697
453
697
531
401
131
825
65
607
861
401
635
67
601
381
89
593
877
188
759
521
163
961
983
473
261
941
401
945
191
41
1
521
881
629
121
329
914
851
877
745
467
556
564
361
327
425
545
941
432
217
215
501
981
192
1
81
921
501
601
361
501
81
781
303
251
761
251
241
481
289
957
225
569
481
857
715
131
551
345
65
761
273
601
781
461
631
955
305
221
489
701
151
197
929
201
697
649
127
752
6
841
101
331
921
121
889
726
101
867
611
301
881
817
561
1
716
621
605
381
123
985
121
241
185
857
31
969
101
961
958
473
521
321
481
650
81
801
668
409
261
395
5
327
377
