104
20
82
83
51
85
70
75
42
28
82
70
31
70
43
82
49
34
51
70
46
23
74
20
70
94
70
75
70
70
70
70
82
70
70
104
94
70
70
70
94
94
70
20
39
70
20
76
94
94
99
70
46
70
48
70
95
46
98
70
71
80
70
71
70
94
76
36
23
46
70
94
20
40
91
81
6
70
70
70
20
94
91
70
70
70
81
20
20
46
94
68
31
94
66
70
75
46
98
70
70
70
89
70
70
70
70
94
81
51
46
96
39
70
0
88
94
20
70
23
94
89
70
70
20
88
70
20
94
70
20
70
113
32
82
46
46
20
70
55
70
81
20
70
70
70
46
20
108
113
70
20
14
41
106
20
70
70
94
46
94
65
94
70
70
70
62
87
64
70
74
46
87
73
70
70
72
44
33
94
85
53
70
44
46
46
70
55
94
46
20
39
62
108
70
37
65
66
39
96
20
93
70
70
94
81
46
40
66
70
19
87
70
70
84
70
46
73
46
113
70
31
70
70
70
96
74
70
94
70
70
10
82
84
70
94
67
70
81
70
20
94
46
70
53
32
94
70
43
56
63
20
33
46
46
52
20
96
70
94
96
74
46
37
70
56
70
94
46
96
46
31
92
46
81
14
71
70
72
89
70
85
46
70
70
113
70
70
43
70
94
70
70
20
70
94
20
70
70
84
94
79
53
46
70
104
46
107
69
70
84
70
43
41
43
83
85
70
98
94
94
83
94
64
23
81
43
70
108
20
70
70
70
35
70
65
66
113
70
104
46
70
98
83
70
46
70
74
20
94
94
20
70
70
70
20
94
25
70
70
70
70
94
20
35
113
20
20
70
70
33
70
46
44
70
46
20
96
70
70
39
52
70
12
94
70
46
33
70
70
111
70
70
70
70
86
20
32
85
70
40
94
105
46
70
74
28
70
80
70
104
70
70
70
20
24
70
70
23
96
70
70
58
20
70
70
70
53
99
70
26
31
106
70
70
70
33
20
70
39
70
70
70
96
26
70
40
90
70
35
70
94
94
94
70
20
42
99
70
39
70
94
70
23
46
70
20
70
70
46
70
20
70
57
70
70
71
70
94
20
70
70
43
46
20
83
70
96
46
25
70
20
113
46
20
76
104
70
46
20
70
70
96
94
55
70
46
86
94
70
70
70
60
70
94
105
47
94
31
20
94
109
20
70
43
94
70
100
113
94
77
70
96
70
70
70
20
70
89
74
70
70
70
46
20
46
70
100
20
77
113
55
46
0
70
70
113
70
53
105
70
98
46
70
113
37
46
68
70
112
46
70
39
20
65
70
64
70
94
95
70
20
94
98
70
96
20
70
70
94
85
96
104
70
14
83
24
105
94
110
31
46
46
20
70
94
20
53
94
99
70
70
20
113
94
70
30
5
68
94
82
56
46
108
111
94
70
20
94
43
95
46
70
94
56
94
20
46
65
104
90
39
70
26
55
20
88
55
70
111
106
70
94
20
94
70
70
70
70
70
70
94
94
94
94
87
53
76
111
20
70
70
70
70
20
68
32
82
41
94
85
112
94
77
85
70
70
70
49
20
53
96
70
79
43
70
83
98
70
94
104
70
52
53
70
70
70
73
70
94
31
70
94
70
70
20
55
43
79
70
70
95
81
70
46
94
70
70
104
81
20
94
70
46
70
70
70
74
70
94
113
33
70
94
20
20
95
30
47
46
79
31
20
20
113
48
70
70
96
70
113
94
51
70
70
70
70
70
20
28
83
70
70
70
46
70
70
46
101
70
20
46
70
111
70
46
94
70
20
86
70
70
46
70
70
70
46
94
104
70
61
70
70
70
60
89
70
70
51
70
46
43
80
25
70
111
70
62
70
70
53
94
70
94
70
35
46
46
70
20
46
94
46
56
68
70
46
70
20
70
94
33
70
82
20
70
49
98
99
66
70
28
72
70
52
46
94
91
70
46
104
70
46
18
94
96
70
70
25
70
100
40
94
70
46
113
70
70
51
94
53
67
46
70
70
70
46
64
70
20
20
10
104
70
46
74
20
20
46
46
46
37
34
70
70
94
70
25
85
20
70
46
113
70
70
85
70
94
70
20
64
94
70
70
94
70
108
70
70
44
20
14
100
94
46
20
46
20
20
73
88
94
70
94
95
104
56
46
70
52
105
70
69
20
20
70
81
110
70
70
20
88
46
32
70
40
94
35
70
96
46
94
70
46
113
94
55
94
23
56
94
70
20
46
70
108
66
58
70
81
21
14
104
42
70
70
70
70
31
46
25
46
105
46
25
70
20
105
96
44
20
70
70
11
66
70
44
87
20
20
32
46
25
83
101
82
87
70
70
47
74
70
20
70
70
46
70
20
70
20
96
56
70
20
61
46
70
64
104
92
66
65
70
94
20
94
80
104
70
24
68
70
20
46
68
94
73
70
94
81
55
46
20
96
94
70
70
28
70
20
70
7
43
61
101
21
70
20
70
46
46
70
94
70
20
94
70
35
20
46
108
70
20
70
94
20
70
29
99
111
104
28
94
10
46
20
70
70
94
70
60
104
20
70
46
70
69
61
70
23
70
55
26
94
70
57
70
70
70
28
94
94
70
104
94
53
46
46
71
94
70
46
76
57
94
94
70
20
70
89
46
70
64
18
70
110
73
46
96
94
70
23
70
75
46
62
94
74
70
70
96
70
70
70
70
91
70
70
46
70
70
111
20
94
108
110
101
20
55
94
70
70
46
70
55
70
46
18
70
46
96
20
43
36
60
20
20
46
70
70
20
70
99
20
70
46
55
70
91
20
96
20
55
94
20
70
70
0
61
60
20
20
70
35
70
70
70
94
74
85
39
52
70
70
108
70
74
113
94
70
46
104
82
94
78
93
70
83
70
67
94
96
94
70
25
70
46
94
70
82
70
20
46
70
52
113
20
70
81
46
20
70
105
23
70
91
20
42
81
46
94
70
94
70
50
70
62
70
108
94
65
62
20
70
20
70
94
20
94
46
55
70
20
70
70
94
70
98
62
70
23
111
35
94
85
46
70
70
70
46
44
46
107
53
14
70
94
29
70
70
20
79
70
20
70
46
46
108
20
70
14
20
20
70
46
70
56
33
43
70
20
70
46
33
85
94
93
70
68
82
55
64
94
70
94
70
94
70
96
70
94
33
94
70
67
46
70
20
70
71
73
43
94
52
21
73
70
70
70
20
82
70
94
70
70
46
62
39
70
74
70
57
44
46
70
73
46
70
70
70
20
94
70
46
46
94
70
46
46
85
94
46
94
25
30
70
94
20
53
46
46
74
84
110
52
70
96
20
70
70
70
36
70
75
104
111
51
111
63
70
82
70
70
21
23
20
25
62
20
70
70
42
113
109
110
85
94
110
64
46
108
70
56
84
20
20
98
70
10
70
70
21
98
70
70
70
73
43
105
70
77
20
102
95
70
28
70
55
70
35
70
70
94
70
101
46
108
70
29
70
82
71
46
70
85
70
70
70
94
96
94
21
85
94
20
46
46
70
33
46
20
70
70
70
46
70
46
96
79
56
110
70
46
79
64
94
94
85
70
70
53
46
56
46
70
92
70
46
64
94
20
65
20
70
83
76
70
70
70
46
70
46
46
23
74
70
70
20
70
79
94
70
70
36
46
85
70
29
73
40
20
20
96
43
58
70
70
94
104
46
83
70
94
70
70
73
50
70
70
76
40
70
94
109
70
70
70
70
20
46
70
20
107
71
70
49
94
94
70
70
70
46
105
70
70
94
83
29
20
96
81
108
82
64
32
70
18
74
20
20
76
81
70
70
70
70
108
34
36
70
20
94
64
70
70
68
70
70
68
94
70
94
94
83
0
70
66
44
70
70
70
66
113
70
20
29
94
70
88
46
70
75
79
70
70
87
46
46
82
46
70
70
55
43
94
20
49
23
70
46
69
46
94
70
98
104
70
20
94
96
70
46
70
20
25
70
70
70
70
20
70
20
96
85
70
81
105
94
70
70
108
46
84
46
70
43
96
43
46
70
56
111
70
96
46
61
70
46
83
46
70
94
40
52
94
33
70
94
103
20
70
20
44
94
84
33
46
70
81
61
20
74
94
46
94
70
70
20
93
70
70
46
96
70
70
94
70
113
51
77
46
20
70
70
94
94
94
104
112
23
35
46
46
20
35
70
31
92
46
70
111
20
46
55
94
70
70
46
70
55
20
109
62
94
70
94
70
70
46
70
46
70
70
70
98
70
46
70
70
25
20
52
70
70
46
94
91
70
40
70
70
70
94
95
94
80
94
103
94
70
113
56
70
94
94
46
20
74
52
78
101
94
84
70
46
110
84
94
80
91
20
73
113
94
31
46
94
70
35
70
44
70
70
54
70
94
70
93
20
28
70
94
70
70
104
70
46
32
108
70
42
70
46
20
104
46
82
94
20
70
40
53
70
96
70
70
70
104
20
70
20
94
77
70
56
70
69
40
21
70
70
70
46
70
57
70
94
89
70
70
20
70
20
46
70
40
70
94
96
46
33
46
94
20
70
70
55
94
70
20
113
70
23
46
81
95
94
46
84
89
70
41
36
85
69
19
94
73
28
20
33
70
20
29
63
20
94
96
100
39
94
46
64
70
70
96
20
70
46
70
20
20
96
69
43
113
107
70
81
71
96
39
68
32
70
33
70
70
70
94
70
46
20
70
20
84
87
70
70
94
70
104
94
96
46
70
94
70
68
70
46
82
88
94
70
100
94
108
46
94
81
112
20
101
46
111
70
33
94
70
70
112
94
70
88
94
70
25
70
94
70
93
20
113
94
43
46
81
46
104
107
35
70
70
75
94
41
56
94
70
41
94
51
46
20
94
70
113
94
20
70
70
40
94
85
56
96
94
70
70
31
93
37
70
70
64
64
46
43
25
73
70
46
70
94
94
87
70
70
94
31
20
20
94
20
20
70
70
94
46
74
81
53
94
70
70
94
43
70
90
28
62
82
46
46
32
46
98
70
113
70
70
89
20
70
70
20
70
94
94
43
108
70
113
49
94
70
94
82
46
94
46
28
70
46
70
70
80
70
94
70
44
31
71
46
20
46
59
46
70
46
20
70
53
70
94
42
70
94
99
48
70
70
70
94
113
85
70
46
88
70
70
46
70
46
33
20
83
94
46
70
94
70
66
95
61
43
110
20
33
46
85
94
34
64
94
46
46
32
33
46
70
46
94
70
46
94
70
40
94
42
70
69
55
20
70
70
70
94
46
79
70
94
70
70
94
20
40
71
46
50
46
20
20
74
96
70
70
108
95
14
70
46
70
20
70
59
70
70
70
94
111
74
46
70
39
113
20
70
108
70
46
84
70
20
69
94
46
93
46
34
29
39
20
70
70
87
70
20
46
70
60
70
87
70
70
70
46
46
70
19
96
46
96
70
20
70
20
81
20
20
96
67
70
39
70
37
70
20
70
20
94
70
39
108
20
70
70
108
44
53
61
70
70
70
52
94
84
83
108
70
96
70
62
94
46
104
53
46
66
28
70
20
94
70
70
20
70
94
46
46
88
70
56
113
70
89
94
70
10
20
70
100
46
70
55
70
84
20
46
55
70
61
70
20
70
68
70
70
88
46
43
70
68
94
46
70
46
40
46
70
104
80
70
38
20
46
20
20
94
70
49
70
56
70
46
46
46
94
64
48
83
108
94
102
70
94
70
49
94
100
99
37
73
111
46
20
70
76
33
63
35
100
70
28
91
70
65
34
20
101
70
70
46
20
70
46
20
70
70
52
70
70
20
70
82
46
70
104
95
56
46
40
79
20
29
70
20
20
20
46
81
43
20
46
70
104
70
70
20
81
70
70
20
70
73
52
87
76
56
20
108
82
94
74
70
70
70
46
79
112
69
76
94
70
94
94
94
70
75
66
70
43
41
70
83
81
50
14
70
94
20
28
39
70
76
46
69
46
104
70
33
55
33
108
70
39
25
64
70
51
70
105
94
20
70
55
94
85
46
70
46
60
28
45
70
46
32
70
113
70
70
20
20
70
20
20
20
56
70
94
70
46
70
48
113
70
40
20
70
0
106
70
20
70
113
20
46
20
96
35
69
94
46
68
70
20
77
70
70
94
94
94
70
20
46
23
70
90
51
70
70
70
70
46
70
94
70
94
20
70
102
44
20
39
112
83
94
37
87
70
94
70
58
20
70
94
70
20
107
96
97
70
70
28
70
20
20
94
94
94
46
30
70
70
34
70
25
84
56
94
94
94
94
46
60
110
70
46
48
94
20
70
70
70
20
70
70
46
70
94
70
61
70
70
14
25
32
81
57
70
108
70
70
83
94
70
41
20
70
104
44
28
58
46
55
70
108
70
96
81
70
70
76
70
40
96
98
20
70
46
94
70
46
70
70
20
46
70
108
44
32
20
94
94
70
70
94
94
109
20
20
111
70
113
20
46
70
66
94
70
46
70
33
70
46
44
20
70
70
20
70
64
23
20
70
92
36
20
20
46
29
96
94
46
75
61
111
70
70
46
94
94
42
44
97
81
65
70
70
61
35
75
53
43
70
86
46
70
105
20
70
61
46
70
20
44
73
44
94
94
94
70
49
70
70
26
20
94
66
20
20
36
57
64
70
40
46
46
46
70
23
70
70
108
98
53
81
76
46
83
70
70
34
63
82
94
20
70
94
70
83
70
82
89
23
70
82
70
46
70
88
70
70
92
46
52
46
70
20
94
108
70
70
112
70
66
94
70
94
65
43
70
57
38
70
104
46
94
96
83
46
113
70
70
78
20
94
46
70
70
70
70
70
94
20
113
46
70
27
46
94
46
26
96
70
70
70
20
96
70
70
70
96
53
113
76
46
70
70
70
70
23
70
46
46
79
35
46
46
57
74
56
70
53
70
70
70
94
70
70
44
25
76
29
113
81
94
25
96
70
70
70
61
20
46
70
59
70
70
70
70
46
52
90
88
81
94
70
29
20
70
20
94
70
70
70
53
70
32
46
20
43
33
14
70
46
70
44
52
20
70
70
20
70
70
70
70
70
28
20
96
44
94
70
94
70
70
54
110
46
20
96
40
70
94
70
70
31
23
70
83
70
70
94
43
39
94
70
70
20
83
70
20
70
20
64
94
70
96
46
46
61
46
46
13
82
70
43
94
108
28
94
70
46
96
108
70
46
20
20
70
46
70
70
70
46
70
70
70
70
70
70
87
46
33
101
70
20
70
70
70
55
62
52
46
20
70
46
70
96
44
70
46
70
70
25
77
70
66
64
20
46
46
103
113
70
70
70
94
70
70
70
70
14
70
20
94
104
20
20
70
98
55
88
46
20
94
55
82
70
101
109
70
94
70
20
82
46
44
20
64
70
70
70
54
25
70
70
94
70
70
73
32
39
70
70
92
71
44
70
21
20
70
70
55
20
94
46
70
94
25
70
31
70
70
20
70
70
64
70
70
70
70
98
94
70
70
70
31
46
39
83
55
79
73
70
90
46
61
70
20
52
70
70
68
111
70
70
70
55
46
61
94
94
104
70
111
94
46
70
27
74
16
46
70
94
46
70
20
25
70
94
55
66
70
20
46
46
70
20
70
70
70
89
43
33
70
71
70
46
99
94
70
46
70
94
70
20
70
20
107
94
70
70
70
20
46
94
70
70
70
70
55
70
94
50
94
70
94
20
70
46
94
70
46
43
25
20
46
70
113
70
94
40
70
70
53
70
70
92
46
20
64
46
94
46
68
94
94
46
82
25
94
46
20
96
70
61
70
70
85
81
46
96
94
70
70
98
46
40
97
70
65
70
113
70
93
70
70
70
104
104
70
69
94
70
74
70
70
107
46
94
70
70
70
70
70
20
70
70
70
70
46
70
62
20
70
70
46
70
46
20
94
70
46
88
0
32
94
100
70
104
70
70
70
111
76
70
52
70
84
70
68
70
68
94
70
94
94
70
46
70
94
83
70
30
96
53
94
46
20
80
94
51
43
94
32
70
79
69
70
70
46
32
46
81
40
113
30
94
46
70
94
20
20
70
46
70
70
20
94
46
110
75
23
70
61
70
70
22
70
70
70
23
70
20
61
70
70
105
94
94
70
46
20
46
70
46
44
70
94
33
79
46
56
70
61
44
75
70
70
70
74
28
70
94
46
70
46
40
70
83
20
70
84
70
46
94
11
111
70
46
73
20
94
46
94
94
20
20
70
70
94
110
70
80
70
33
70
52
92
70
70
46
96
46
70
20
46
46
70
83
44
70
70
46
28
79
39
20
104
25
70
70
70
70
46
70
70
70
94
94
46
94
46
20
70
70
70
53
96
70
46
113
23
87
71
46
20
68
20
70
70
46
70
44
70
51
46
39
94
108
70
46
70
70
20
94
20
70
82
20
70
104
57
70
96
14
20
96
28
110
70
94
46
70
20
42
94
46
70
100
46
70
29
94
70
94
70
32
94
14
94
69
46
70
35
96
70
94
40
46
70
32
94
28
64
70
80
49
94
20
93
36
70
73
46
94
35
38
70
58
66
20
70
70
41
85
70
61
20
20
70
20
94
56
89
89
96
70
79
56
70
46
46
20
89
70
46
94
46
96
70
89
70
20
93
64
20
70
20
39
32
20
87
42
70
70
55
94
43
54
46
59
42
46
96
70
46
14
89
70
14
46
70
70
71
92
20
39
70
25
39
96
70
70
94
88
94
70
70
20
94
23
20
99
104
102
70
96
61
70
46
85
82
46
70
70
21
73
20
70
70
46
43
30
70
81
46
70
5
46
70
94
46
70
70
20
70
20
70
46
46
23
94
70
28
46
70
70
44
70
32
70
70
70
70
70
70
94
66
88
95
104
70
70
46
20
94
70
70
70
70
23
113
70
46
94
20
32
70
82
25
70
46
96
53
82
81
99
25
68
70
35
87
70
101
70
70
68
93
43
82
70
70
70
111
20
46
82
70
73
70
35
70
70
94
23
70
46
100
68
70
70
46
83
41
70
55
70
94
108
20
107
70
94
31
94
46
68
96
62
55
20
46
70
70
70
70
112
96
20
59
70
64
70
70
20
71
92
94
70
46
104
20
70
70
104
79
46
70
94
70
46
94
70
70
20
81
70
20
70
70
33
70
70
83
20
20
70
92
26
70
70
88
70
20
70
70
94
70
70
70
20
74
113
70
94
94
94
73
70
20
46
70
111
94
29
81
42
88
70
31
94
70
69
104
94
56
68
74
20
94
56
70
46
108
43
70
94
20
20
20
94
70
20
43
94
70
73
21
70
39
70
94
94
96
70
70
70
70
52
70
70
20
70
70
85
53
32
64
104
62
20
69
20
70
88
20
70
94
70
70
70
39
0
70
108
82
75
111
20
113
88
71
82
70
94
18
8
81
35
94
94
81
70
70
70
21
94
82
101
94
71
70
94
94
104
94
70
46
46
70
94
20
94
23
70
70
94
46
94
70
70
70
20
94
46
77
29
94
20
70
92
46
94
20
23
108
77
26
70
83
70
39
70
64
55
94
70
73
23
94
20
20
46
85
104
96
70
46
70
51
46
85
94
46
43
103
53
45
104
56
101
111
43
113
113
70
42
10
70
46
20
70
46
20
70
46
70
70
20
56
81
20
46
20
107
56
70
5
94
70
70
55
70
70
113
70
35
46
46
20
63
70
94
70
20
80
35
70
70
96
113
104
94
70
94
70
25
46
70
5
71
70
89
68
104
56
70
20
53
70
70
46
70
41
37
70
70
85
91
70
70
40
70
94
42
70
94
46
85
79
70
96
94
91
20
73
94
89
70
46
56
20
28
70
20
46
94
94
70
46
82
94
62
70
70
70
91
96
104
46
39
46
39
70
79
44
70
113
70
20
46
24
81
94
84
56
70
96
70
46
70
81
46
46
20
20
46
61
70
70
70
82
46
20
94
106
70
46
70
57
47
44
108
104
74
70
70
43
53
96
70
70
94
31
70
29
97
20
46
46
20
94
46
107
70
70
70
96
53
46
46
89
110
69
46
94
20
31
88
111
33
46
70
70
70
42
70
96
70
94
31
37
46
96
70
20
94
20
70
53
35
70
39
55
20
48
88
66
94
28
65
70
56
20
70
31
46
94
70
94
28
53
70
94
94
70
18
70
70
96
62
85
46
70
23
70
94
70
70
74
20
70
46
94
112
70
20
94
70
29
70
70
36
44
29
70
20
20
92
88
94
20
81
87
53
70
58
94
75
94
46
112
87
62
20
70
94
111
46
20
70
70
31
94
98
82
70
70
96
35
70
81
94
96
58
113
70
73
70
70
70
39
70
70
62
20
46
70
70
33
70
70
53
41
94
64
61
70
91
53
94
20
96
70
70
39
70
70
18
70
70
46
70
70
46
20
53
46
23
25
94
87
70
70
20
99
70
70
46
107
20
65
68
46
44
26
70
57
23
20
70
46
43
20
46
73
94
46
20
83
70
70
70
70
94
46
104
107
70
20
109
70
70
94
70
70
87
20
70
64
70
70
20
79
94
71
33
94
70
70
20
87
26
82
20
43
70
46
94
70
44
43
70
70
103
46
25
70
70
70
70
20
43
70
70
25
55
92
70
94
70
48
70
62
46
46
46
70
35
46
70
68
20
108
96
94
98
38
70
70
94
46
46
70
70
70
70
70
64
70
46
20
46
96
94
70
70
46
94
111
36
20
43
70
94
46
70
25
70
46
94
89
75
70
94
70
70
77
39
70
40
40
108
94
34
25
70
70
70
70
70
70
46
20
20
70
70
6
98
55
83
20
70
70
70
70
36
46
46
70
70
70
62
33
109
82
93
88
71
70
107
70
94
63
80
100
70
37
80
70
70
56
98
80
20
56
70
43
68
46
20
94
23
70
74
70
70
70
70
70
53
46
91
62
94
70
70
94
70
70
69
108
20
46
70
82
92
94
71
94
70
73
94
94
46
94
46
31
20
81
98
105
94
62
46
104
70
29
70
70
94
68
70
70
70
70
20
70
96
70
70
46
94
31
74
77
70
46
87
46
70
96
66
43
70
25
70
102
94
20
46
70
70
83
70
40
40
46
75
78
94
50
70
46
70
20
96
53
77
20
94
94
53
72
64
70
70
70
94
70
20
94
46
46
70
70
57
70
70
70
104
70
94
20
111
94
70
70
70
74
70
96
94
44
70
70
46
46
70
33
94
20
46
35
94
76
96
71
46
112
70
46
70
70
70
70
96
70
20
70
70
106
70
91
87
70
108
94
70
113
70
83
70
40
111
47
46
70
31
50
63
61
73
70
5
47
59
20
70
70
75
70
40
96
94
94
91
70
46
46
25
20
40
25
46
70
111
70
20
70
94
113
70
56
98
70
