5000
95201
8337
75337
76049
30942
76673
69701
72226
18418
12890
75201
66001
13951
58139
18971
75425
30465
15481
30884
69825
26801
10601
71489
2201
51630
86712
55041
72221
41761
63353
56289
62996
75489
61975
66931
95057
84065
44175
46801
56885
83451
82209
49601
5425
16829
64065
6117
72458
87401
82721
93776
68150
29041
45641
30349
45505
90801
29441
93540
68396
70474
73717
60373
70301
50913
89441
72501
16121
10988
25601
66595
89201
7551
17681
79374
74101
121
63611
53539
47691
9402
81601
78993
66649
45345
60297
74113
1441
6581
22861
80176
38357
14241
86273
37941
67041
72135
27861
93565
56016
69601
65585
78719
61578
47401
43915
52593
82319
74081
30909
28001
91681
16865
45681
1
78236
89457
3653
64139
11113
87913
78519
65691
65849
4321
78051
63251
8461
80001
67721
3201
42056
98873
14707
74771
22161
20741
9345
40589
33361
40701
74215
2001
45685
59517
43921
23441
9073
97125
98871
61501
3265
626
18081
96441
9330
62401
65575
82751
23121
82722
37566
85521
46341
57731
42169
36019
77891
36609
49441
71761
23025
77969
70833
49349
46011
70593
19653
15035
82401
76833
32065
62501
19755
25161
26401
69828
33241
85665
28801
4201
17101
35899
97376
57409
16551
37401
38066
16861
92129
1945
79901
67701
54625
88753
74369
23201
17507
37607
60405
921
77518
45121
54351
76609
52743
22835
70787
24783
99405
56306
14201
45855
48575
50401
92725
71501
53161
83917
55645
65973
201
74777
76481
58273
82541
38173
44281
74705
42601
6801
85858
26617
51585
32041
14463
87583
57745
19311
34476
36289
2405
15168
21019
25951
31261
3213
91585
46625
84597
92841
71425
26651
16465
51081
33731
47697
90001
26670
92009
23549
13933
79681
25545
74701
481
70321
42611
70601
78641
61065
76841
23921
67665
52417
99649
59446
69151
18751
55991
84294
52501
62113
1001
69740
84065
2881
63401
58066
76638
85521
73569
32081
22923
41401
95025
26801
96649
39265
66516
76513
47057
19023
18107
18721
75601
76921
55656
93559
86905
81073
75576
90391
37169
10953
74401
18731
69169
97221
9996
56456
44071
54991
15901
60201
37393
37601
99541
67841
95779
20317
55801
93665
76361
62171
24621
39853
71797
5798
80001
81801
1857
60425
45961
56801
6941
82657
12159
52577
47242
40809
52327
87361
1917
16000
99617
1457
2341
48231
63361
15361
40801
24345
19809
51218
23509
3929
91521
47317
49541
16873
31189
62849
353
87641
46441
25627
14811
59777
57670
98073
40554
49521
62945
69381
77465
9045
14361
77209
67497
17817
86871
96224
24561
63467
71415
13121
48881
73811
47021
95901
44045
67969
54193
4001
11361
40751
57321
11292
92929
67105
50657
34911
9057
61251
70025
49206
31873
93753
45663
12531
14081
96321
39615
63425
52177
14881
4154
65121
17371
54748
60251
43297
91830
12696
69001
17633
78801
51921
15601
50536
80736
80791
86754
51233
7809
18193
93767
44401
16811
45729
85771
47841
11251
25233
68176
9661
57071
53953
28973
42551
966
43125
34781
55951
63659
70297
64801
87713
2161
47651
65071
18861
27466
8747
75761
58251
92701
28199
11563
68461
4765
99817
23537
7663
72401
95883
53351
29041
3249
64401
55615
92661
81807
32682
43161
22369
77450
85441
48097
65121
63851
35339
49309
83787
95976
30105
83367
14241
4116
87025
97551
1345
44089
18917
84609
52001
94081
99941
85931
73001
68251
92237
52929
57051
51701
8753
53861
78663
71649
64689
53793
52201
20569
7657
29041
63645
94055
8411
72929
98857
32951
20015
1
63707
45351
99133
51289
31889
96259
56291
93713
24703
52623
99125
16481
21743
38717
51945
98421
28401
54513
16833
2081
37405
47880
36961
46381
83789
90721
52949
9611
80441
93641
61881
93051
1331
60681
68251
89045
76721
92965
95481
47489
721
75755
11361
96001
90337
97781
13932
28075
20709
1649
65985
88729
5121
32025
89232
93781
53381
68936
7281
99576
86961
47585
13873
77
38699
82113
75051
33817
23841
97153
97881
80961
47745
9255
83713
18661
90777
25569
65001
89469
33701
86319
1303
29421
37447
95285
78796
17006
56761
12431
32513
8801
78286
33185
52661
98001
96273
44006
88975
2681
84509
41751
61646
65356
65689
44257
40337
89083
82159
83161
90001
77881
31696
72691
98145
1725
46273
54209
40581
54529
8601
38561
14596
75144
18001
84017
76725
98417
84745
72837
77081
46034
45749
63281
30597
9281
32261
91601
63329
73601
19169
60857
75795
93526
59723
80759
95922
54125
31121
31665
52122
53451
40593
70881
51871
83735
14151
53761
84331
39609
49269
4833
32913
18714
73411
44376
42801
90861
74321
41401
28681
84787
60431
65741
95851
74379
2177
89761
52496
28529
63493
67041
51585
71501
47857
81039
99141
14801
67437
81180
7201
5617
90747
13869
30145
22006
73276
14241
9257
2501
99713
30287
60785
64629
92501
45851
99201
88613
30901
54301
57001
48705
50913
61967
5776
12833
75585
46196
47001
51659
23361
62881
67605
21251
94351
64431
1025
20841
68001
97952
58309
22689
82231
52176
2643
77465
47841
43825
29877
68201
49001
50391
28401
84001
95201
45309
35733
69186
68136
61746
35201
78701
41283
45391
30901
47901
29121
18901
73833
11953
47811
97887
49741
36075
58217
69666
32097
85306
45261
82945
61617
15721
29309
20001
48457
8161
25345
81041
21997
33720
38369
67611
28265
67101
7195
63753
90153
14745
58738
75043
4881
64661
30461
93567
93983
37577
45551
13325
70521
47745
31489
24017
88041
78936
46753
28426
95688
58945
25569
827
81609
92140
43556
48481
12209
56481
94241
17601
89021
53121
20731
99673
49041
48401
30966
80181
32171
38145
29201
70091
55389
46785
30017
36613
42945
4751
6273
261
95169
62937
22721
71589
5241
9885
28489
24309
20745
16545
15489
59621
45281
88273
69537
12283
77145
2545
45851
25609
99251
60097
46989
76737
53641
86501
69559
4433
37001
83486
51311
44019
81089
64793
96796
47241
55411
19765
7235
611
94261
87551
22737
7726
25169
8001
7841
71201
78121
84183
68769
80006
90961
95533
33541
26513
60721
31225
96225
62117
38901
6251
6621
49921
74689
97745
45925
45941
7317
78457
26981
14545
68669
17561
80225
16001
40193
92501
20001
81721
50251
23005
99361
88561
33093
84201
11261
34331
87205
66235
4587
20625
61495
97039
37577
35031
58817
74561
10491
393
94987
18465
41601
60407
54771
48457
14201
25399
12221
22796
96041
26365
12185
63361
4233
96071
91829
19798
3105
52521
40901
341
37655
41937
19501
77645
6665
3681
14515
23425
11465
75617
94401
75451
77973
61409
64641
30106
71709
69097
1781
60695
43341
25445
54589
4079
69401
1681
92353
33941
55013
8345
35381
22446
43257
36829
95843
79601
37599
37373
48001
85725
9265
89327
73825
95041
50201
11321
38290
47521
5209
27757
38265
87841
70769
67818
80961
74417
32805
26165
1437
93061
88975
45129
42701
12829
66500
3225
41596
141
19201
35521
94356
10401
42105
1281
62673
23713
24637
63121
80101
44107
8295
80577
68495
15937
7288
23515
97221
62009
2041
49297
86369
1185
67569
13500
93953
98216
95921
12889
80793
217
26201
7625
47809
47617
87625
61214
35201
95449
6001
54697
23665
66197
39176
35492
56867
10892
49943
33255
12473
87628
52861
34841
56196
69025
57081
12893
80321
87781
53641
94961
82301
31570
24401
21649
70241
87761
65837
23092
72717
34736
86824
89601
65761
4201
59189
78701
29329
42001
36881
897
58861
97841
70689
20554
92001
81233
46251
10996
50426
71921
23841
36089
81323
71685
67329
40001
91745
45771
43719
51217
50787
78905
67126
54251
26961
55053
66206
98061
4925
89857
96805
97709
94642
3141
32833
82355
67961
50001
21655
51929
33097
68241
23956
865
54443
21876
91161
2241
18889
16119
35297
8345
4977
24593
52761
61985
6881
52503
93741
4801
62336
20065
32551
39441
79331
2297
91123
8705
32601
84134
5829
57293
51617
1
35451
35226
7553
1801
57974
15941
65638
64865
42353
83415
71845
76881
17451
31345
58101
50985
96806
55169
71651
99889
85377
66991
27651
95207
75001
86555
73137
79851
63221
75841
51352
38165
89281
92101
85596
67547
12316
42229
29486
83582
43457
75011
64801
6897
27153
64041
31161
99489
9331
57041
74369
20526
10281
47481
96241
10831
54401
79385
10073
18301
74177
26665
81703
42579
90321
66091
30771
58990
35831
42429
96801
83445
37345
36139
2491
58801
6345
60001
88358
9881
88801
26741
32571
42381
1633
40761
60111
90449
60105
93622
36091
59609
11025
97957
15560
90131
77303
26716
54497
56241
40601
23585
19481
23901
96713
31857
583
64529
81057
13337
67739
48051
6897
73281
52769
1067
52601
24001
21989
96915
2581
42833
521
8461
6801
40045
20721
66881
34465
15201
19075
53026
9785
57633
23842
15121
77265
89501
79881
50001
38421
75009
32601
37243
85217
61941
81476
44537
90651
39731
91761
43891
88989
15447
81001
68625
38113
29113
42219
4801
54137
70261
70657
18609
80513
31361
10443
70963
39641
45401
61251
8701
75037
64721
85261
52577
64721
21771
36209
17153
62331
71622
51329
34781
19735
28281
58981
70891
24021
46731
62961
51737
8213
84631
61259
22505
29365
80721
58433
26621
20049
77009
83265
29262
83833
11673
13886
51457
86241
3701
32289
29401
20699
71681
76471
97605
31441
51571
93056
8381
68097
39421
51361
16151
44009
72093
95521
98369
30913
97961
36466
51832
75437
56401
69001
10431
11001
9281
12177
35905
9681
55617
48321
18426
99201
97451
97876
76994
84097
97867
36646
20220
96901
56969
33901
76632
7041
7009
93671
68829
253
51913
58345
10365
93465
64676
64161
53921
70991
19097
95986
40321
72873
6093
94660
91010
52929
13169
57831
33501
53473
15661
46209
69061
89197
66855
94401
20385
97137
66601
13521
65217
75297
70241
23773
68901
76801
63521
63756
67329
88431
92485
86625
10401
76969
80135
1425
25769
20645
62719
15387
27561
6337
69951
68901
61661
24897
40941
23841
92201
73561
33595
97649
65233
25409
73403
36817
89161
83665
76981
49223
64689
32141
21951
33857
29057
46401
79617
51777
26649
36832
88001
8081
37297
6210
49249
76151
72669
48349
43841
46025
20001
60705
20001
21301
10721
71868
43107
52001
2057
46209
73249
87921
45381
59146
16261
26257
76729
57401
13781
71266
17479
5005
4081
92001
19222
34961
47481
58001
82089
95123
28001
75793
68761
86929
63361
47941
71161
30773
59521
62769
72281
17761
66531
84129
97381
43891
42408
47609
67081
9281
22929
60001
2955
96641
70285
49753
30625
81865
83731
64546
61249
42705
25681
96145
48251
41841
88893
75755
13769
2501
92179
74601
96961
75226
37201
14681
42641
841
71321
8568
3614
72591
74561
60961
44421
62227
58379
97313
15547
16279
49081
2591
83812
37121
48641
58071
38353
52961
67564
38775
84225
47201
85281
90401
75752
1
61777
37601
19777
52176
39800
45665
37761
99605
45041
6845
13733
87175
60049
78044
22025
60181
72097
73577
56801
44241
77905
28497
21705
75201
25601
53313
53161
33231
19022
83116
1411
30431
11231
47750
23949
38981
27626
90118
62737
93251
95201
46301
4265
89929
92723
46981
20765
42511
8737
12281
50625
66950
65347
52161
6901
52561
1785
92262
76961
65640
74165
96164
83981
65441
66541
97021
26091
76467
29161
63545
18699
92745
19326
27055
42325
33876
98121
61701
91057
29399
35651
63265
24374
76177
22126
66801
83873
17601
31217
90529
14816
39617
84729
94913
4813
39561
9741
19571
86921
76385
15361
28873
44737
74376
35641
8026
71761
89861
26761
85526
39941
61071
3201
79749
50151
70169
22273
91489
59809
54572
81643
45185
99829
30809
72801
27921
3401
68889
51038
90401
80609
89441
95681
98537
10701
16001
28716
29231
3625
15589
42217
14307
79541
29402
55361
98369
9661
20203
32607
81161
65865
45037
28223
39633
32673
10061
97398
35831
86241
49841
89441
53284
55201
21001
59801
27660
61286
65501
59837
93429
69725
28137
65321
68407
12177
3831
31505
63033
67803
27953
80241
79041
42400
17921
54241
62613
40301
85001
90781
86596
73697
83109
94941
85101
57697
98781
34249
44601
89201
82951
27261
10241
71353
31193
73217
94521
84697
76485
54101
23781
97601
76577
80500
73901
78965
6437
71129
99041
84115
14001
28776
87009
45621
15681
55491
19521
58417
51651
32379
66801
86609
47301
79745
2401
13121
58161
89601
62126
61129
95745
51961
27917
14721
97281
64449
18327
48227
20885
10113
95201
22213
75073
81377
6401
53751
17908
31969
39321
91633
60757
61071
42021
95621
5733
43201
3061
81921
72801
57057
33616
51681
39041
17681
10319
63201
60831
42153
25601
45973
34651
64593
85921
78601
49521
57281
8121
68629
7001
26851
44101
17961
65705
85137
91225
21409
15137
21921
87697
4257
50993
59241
32825
81532
62081
3801
98793
55233
10721
27401
74526
90721
88241
24729
76431
78721
57569
18025
16161
77306
38795
921
84545
70725
12961
3202
15117
65921
2081
13505
36353
5261
89239
92033
94245
17218
83756
28001
36735
57371
40145
91681
4701
48753
30075
67361
6161
8666
92229
39161
19105
99021
96529
53016
74601
70241
91101
17401
38593
14573
49601
15205
51591
66001
63137
84886
63661
29285
9601
44551
2841
76537
77729
63201
40881
82051
49841
95177
82516
91521
29393
69953
85761
68721
38660
67185
23326
75069
78465
82793
52007
94260
85601
96916
24275
87197
74265
98473
1087
94577
30021
98001
65427
14817
83501
65561
67301
98525
81161
54801
78165
90049
60756
11681
50726
85670
62876
79721
2225
98787
82601
19101
24241
74316
29473
95321
96693
15626
46113
46331
72041
89121
18053
34145
88346
66031
18039
83388
30861
20477
7169
80961
54905
99425
89400
4901
56065
67697
17681
86099
77053
33921
92513
83116
65606
61505
14273
79721
16417
47881
47626
36591
37161
25033
18784
11654
70977
47409
21329
66209
87035
83371
77865
61401
61985
82321
14339
4457
1701
89393
5777
7921
62357
67041
82829
29631
71329
74166
31745
81261
59065
66221
86905
19041
68801
78817
13086
36065
75021
21537
27735
14647
24001
93607
57617
98989
57431
61921
78749
5121
67797
43401
8467
53125
90577
88871
19201
97101
49161
98849
30473
87415
67041
90089
75271
24405
88881
27271
13006
50556
28321
64815
65041
73712
68289
84089
51733
19883
14096
70389
23083
6746
25089
35141
22851
58504
28643
2261
48769
31851
55365
81497
18201
54753
83301
93841
30373
47849
69329
64541
81096
98891
76929
47601
27745
78351
39799
55631
21121
41601
28507
14753
4801
75609
90234
23441
46465
85361
54641
38045
90849
35473
18561
97697
4001
15065
24165
77001
85001
15541
36801
89545
20041
28767
14457
15041
21889
65721
29569
81849
49991
24273
89249
64801
17641
84921
18356
58977
38913
33463
5659
49921
40385
58105
83486
21951
73351
64217
81736
59031
63293
83501
5596
17601
70391
23361
30776
24841
1222
2288
71617
92261
40805
60001
97201
90753
545
48409
24481
67881
3315
58746
35120
61934
58241
67101
82771
98049
71445
29961
60521
17227
98881
9153
61593
97377
57681
20833
76629
65269
6529
39231
88667
20546
79961
24571
15521
13601
17101
8501
50065
42197
77853
68809
7449
20491
62549
35177
63345
77479
58595
69577
57649
21265
22661
39951
925
92576
28311
91791
61195
7167
40593
4625
74177
7513
8513
91131
38161
50321
17017
60977
16542
49633
7260
69201
9921
83598
55501
16921
97027
9301
53701
69801
97297
19745
31911
35681
66506
59194
64001
31201
86409
76657
76129
97217
42477
91501
65688
36037
89073
26796
95801
31771
28384
37761
13047
62865
9377
90561
60001
42432
4630
49251
81285
27031
29441
78161
56537
34169
98851
58563
78617
87151
64773
224
5701
44168
94205
25105
51815
32977
46011
76401
9179
23223
32641
56737
35593
64963
8625
59489
38183
51256
52177
78431
24025
19345
52057
38513
80656
21921
46641
28531
17668
23851
67791
95235
73821
68308
16571
9396
20385
8066
1561
90489
63886
30683
41761
34391
44001
22947
28001
23993
84756
36601
30357
75949
96801
90673
94655
51101
83937
65521
30405
85601
94199
93953
16385
71283
98221
22376
2108
50046
72641
15073
36376
15827
94201
59857
13017
79306
41601
37513
15506
2667
94433
63537
51911
28106
2788
63707
25665
5269
40623
62929
31441
55706
55129
4921
61331
75330
27681
39545
95111
90801
34433
20705
17753
73441
5894
13511
57121
4036
6239
8569
27489
74577
18569
8701
27737
51826
95713
65395
69106
10181
74731
53921
62281
9729
51633
71111
31055
77629
72391
33626
3713
96881
74881
87581
71751
69272
51761
55257
25041
73361
98441
38937
72501
90531
66385
81457
87057
89299
65711
72121
37753
58109
18569
18105
42226
76060
74591
30785
601
52143
89753
3663
13279
17025
65601
72719
23303
38801
23273
95581
57441
15261
32951
15201
97309
47301
16893
11649
37065
60637
30951
53229
96081
80649
6253
54785
32546
85811
76877
25951
48857
21231
35177
13211
19945
58881
27361
14595
48669
98881
62961
62501
7425
10161
45147
9858
4966
5591
34156
68001
86644
59089
21185
47547
30329
99413
52801
17601
7105
50129
1
96269
54877
3105
56571
99631
2121
26251
6687
91041
15691
39083
87484
27635
38753
61228
1681
72745
43521
53517
82525
85694
84800
39501
10011
28097
11001
48161
78811
30943
66913
40661
66541
67571
20083
43211
86737
47305
90301
3921
69301
94721
19813
9021
16981
98529
75681
85677
16479
77609
61401
88379
41637
35001
5441
40273
80641
39901
3957
96481
92601
93181
65153
40243
13009
39371
9775
7281
90045
80671
83096
27009
13917
45601
49291
15543
59009
12065
76467
34001
86371
83601
89835
85505
23409
35183
97721
47041
27681
30241
88153
7214
62991
39889
63719
6751
50081
51401
21532
52781
82947
64849
35361
46477
62601
536
11737
14721
74215
34715
67160
97271
60723
47473
75649
87429
68321
18137
4357
67095
95761
19701
13321
34881
21851
33171
58877
96801
51617
91961
74616
66503
43553
72401
40225
17473
92841
93365
4701
56801
22465
80110
51481
27723
40181
62849
5537
29761
49441
96951
19553
14705
5171
89921
87701
61521
56147
82551
80017
97487
3999
9733
97905
63429
99777
4441
29851
67063
37831
84161
50389
23881
61341
15329
60401
20392
19849
6591
48031
62131
7843
46821
36684
10977
6041
62709
79409
16125
4101
8577
24071
13706
92929
84501
20261
72151
35705
98125
40022
63912
22514
81021
82619
18313
19421
93233
74581
37351
61569
58066
35676
16037
72209
31717
18757
56769
77473
26213
67947
95985
4993
46275
35717
29178
67361
3701
19673
70977
19521
83823
89149
81317
52257
30653
43169
39361
12681
6323
90336
37921
2273
2727
16161
34675
36641
52759
17601
22721
22416
21065
65401
10701
69457
39973
97247
93695
31729
74641
72597
28001
76361
45391
52041
15497
36337
75361
85151
2791
56955
83857
67617
76273
42251
74961
78729
11201
42097
74781
57385
25001
62881
78301
54883
57121
79657
29481
31281
25621
63675
3601
80161
96941
68751
64856
98659
69137
37946
82315
64003
82721
37353
19341
67205
34791
16601
65001
95901
26481
83601
91809
76045
20533
99001
48751
67916
73041
4321
90489
28049
43126
49771
53601
60353
69185
88593
3215
98697
29285
47971
12809
25821
82945
21394
12601
91545
50997
60081
43621
8129
92929
64955
52056
70001
92161
32161
99745
72409
21821
54561
50097
70181
52961
11127
40081
26081
28641
73291
15601
20905
24085
34745
71841
33985
67591
31663
48137
57537
52555
81827
56245
59457
19841
11693
72321
13751
98821
74135
85201
11961
92001
58721
43757
64651
35609
10195
21701
44233
35145
68665
43901
55637
46105
23376
31387
78817
78401
74425
82561
54047
13569
7945
48376
10286
86936
61899
40306
50511
31953
44971
14593
22823
9877
18633
14809
385
55351
26449
59921
19871
31137
6251
62305
67468
2701
41377
52766
64321
67304
56381
13088
7521
91131
19541
86651
62567
83221
41496
61769
32385
97601
25891
2626
91243
17825
55721
83073
54277
61481
14273
11233
54905
76001
52531
63846
88834
18561
16766
83936
42745
53965
5601
76183
65744
8955
46699
7672
36625
87105
42965
93125
28041
25793
35591
21521
29973
378
75209
56888
19226
80001
96953
13026
85241
64145
24737
93057
97139
61146
21383
2151
8731
44449
21633
54333
41985
53681
24611
54049
60281
67061
43601
58209
60561
77604
20405
15321
94633
55813
6921
55099
44663
68425
32641
35801
31252
25201
5611
65025
25001
56945
92157
19589
64632
27729
53593
47085
12271
72865
55153
37641
37121
7097
28449
23961
94901
99273
61072
67309
46241
89970
58801
56185
43099
60161
659
43649
8641
90401
95490
5521
8369
50641
93601
32821
78113
22589
3725
82601
33501
75284
65001
94606
97401
49601
82021
40145
3645
74774
20342
19841
2521
36876
47201
69369
49257
32421
12011
60001
68474
90501
64211
44702
71033
14497
16901
58825
45153
79497
70245
19441
62629
10461
5116
53501
67601
32801
10001
80001
23451
57585
80047
11601
65961
13939
43561
58751
1529
47553
51001
36621
41701
42149
61849
51337
93601
81197
56753
42691
51961
14126
28751
17249
75566
33286
73531
70781
60191
78865
28573
35401
58901
10281
31033
68321
43323
38427
98081
61041
59581
44225
32920
20351
35550
85978
87421
95461
56921
98185
81281
27548
55201
12721
71731
771
20930
47681
89851
22531
43033
1126
12141
58846
83014
33001
37973
64641
6777
24981
29921
58711
7489
67833
66494
61249
78713
18553
15250
41353
70497
49701
26036
93853
84220
40561
28941
69773
86481
39525
9926
39613
6249
96701
88497
48721
68481
52461
1531
23385
82821
60271
51445
41981
64701
32833
46769
88785
30801
89121
47441
83744
6145
60845
25301
80609
66861
27403
18857
12381
7697
24677
53685
99617
61767
86361
17541
57989
65329
31881
66087
61201
79574
24561
9381
36681
27157
86161
20331
38467
84787
84321
22536
75033
11616
80831
25617
5057
92097
43573
35416
44961
60634
76769
74731
28801
92621
87841
58863
65107
93501
26198
17677
93151
42611
37431
50401
98781
63649
79865
60974
50921
46162
95489
95107
68993
38897
82201
42001
71681
47997
49485
96551
24001
88702
65009
41361
55601
53757
43645
4531
57905
60501
41835
64437
29552
56241
36106
2315
40729
54717
25721
60177
25707
8321
89925
62241
27913
78111
1
14516
84851
94051
56281
95815
66937
50201
67037
98241
72389
44577
31201
57561
76589
44609
38605
43601
38213
88877
66096
85256
86198
59713
29785
48721
83383
75825
41843
13841
91607
31781
84219
25342
8865
73801
86693
30849
19126
85751
14361
51241
73249
38893
56296
62161
21385
14696
22177
74401
17497
99509
13921
80161
28833
57501
89841
6451
6081
60251
28506
50001
69356
5505
85651
20673
97701
72101
11090
46261
35749
61833
61811
10551
50161
49011
62737
10901
53585
9401
35689
66183
40497
96001
84721
88625
55321
26001
8101
25361
67713
25501
19551
58305
89045
14945
73441
23929
34101
69329
35606
19445
71981
51453
53241
68157
71361
13101
65795
84406
22815
63971
27873
17849
50038
75673
8841
69501
76665
49093
29301
81441
318
98345
54406
21601
71218
6541
80089
26801
88001
84309
6389
2345
59641
49043
82361
97601
52473
73737
42503
15285
47833
31505
79589
42636
56961
22601
91657
26817
55201
4641
24129
22069
70177
76161
19609
64211
69633
29929
13097
73601
17105
6577
95637
12413
61556
49393
52673
59134
26201
50153
47889
60146
81481
89011
29345
89937
24881
8097
46081
50969
65601
31537
91761
60726
28101
99451
11257
77641
70241
20321
6697
38703
8969
42801
42751
29921
66495
19889
65105
30857
20801
17109
86005
97021
64729
24645
64861
43241
3169
87809
10129
66913
75489
3611
43201
95501
34693
41561
92001
565
7303
92336
13217
97761
39935
87401
29361
64017
8353
18361
84289
24929
44041
94193
28289
65659
13601
84713
67046
81941
66401
14461
83661
385
84301
39020
23071
70124
15961
92866
57458
90029
17729
24174
62849
14601
85011
13249
37086
39817
73921
30697
85049
8736
79835
16193
69711
70981
21521
82033
15621
16585
65663
34959
37623
8141
52586
41126
18097
76889
51041
35365
7245
7685
45215
6900
81247
34057
78763
78761
92061
48001
73281
34173
56537
30033
21265
1395
78545
49076
26641
88289
27201
92843
49691
78593
63421
2281
79769
36897
5521
47793
1431
17369
14713
4493
77739
18379
43866
42241
33281
90361
18611
32407
23899
35084
18349
26673
91121
58683
20541
701
78577
56797
577
25061
45751
69509
70465
79681
7101
16757
63549
11529
17231
91517
54061
57409
83873
78177
85921
42661
46462
4321
84001
11115
3025
94001
95565
94681
43681
92838
35612
61524
26721
76684
75409
25237
47921
51069
10321
70981
7301
57028
47461
28538
19193
13905
45029
74305
20473
41924
41
28994
51841
85336
21641
47273
50770
3321
50845
4161
48279
20001
20321
10956
86101
61417
12841
22769
66935
61641
19841
52495
14433
41793
44361
40137
66400
45011
47327
86125
37781
78153
90893
95117
51001
64543
24124
10001
82749
67441
57401
41965
56146
10921
99713
41201
26849
90209
4717
14441
50977
74923
11721
56585
23521
92501
32289
74797
74323
93857
11873
38377
62881
15751
77797
64497
94507
43361
58396
38670
79801
18908
75089
63681
68393
51626
98241
6401
23301
74925
62251
70657
42509
15745
40769
65199
81569
11145
65751
22751
94217
38367
48321
67451
24383
76361
18001
53371
32441
50116
87041
96876
8033
96593
65992
85581
14279
82081
29441
38601
92481
36251
32641
10081
22918
56869
40229
42099
54121
98636
91873
7281
35130
55421
36961
64853
69376
7973
70216
79631
86451
56666
26721
95957
10101
52541
51985
94981
73284
25921
61963
87182
64887
29873
88761
63066
52681
5041
74063
68417
5747
44226
61789
14891
69161
55553
76233
9617
5481
61699
79681
12673
47741
41792
78341
62369
8586
68881
61361
89101
67931
53593
57711
1141
71745
98785
53937
84465
80401
88849
70725
44801
4313
26873
61851
98211
87325
13727
74329
18193
78101
48225
13985
83937
59701
38785
95037
83705
33601
38721
71741
1801
87825
34401
39645
23741
97103
18849
44601
88801
5518
6531
8586
86561
45651
6929
18819
82001
54161
70661
10366
39841
17009
59779
80321
85245
92251
42941
42401
51601
67651
31261
45961
56331
7805
39441
69841
76865
32001
14585
37021
95881
36200
2209
38825
9946
60292
78475
3553
69385
82895
68787
60685
64021
17241
1
42341
97217
75521
72001
98017
9259
99981
78211
70283
75141
55128
89301
841
151
74353
15601
83251
87841
74173
49857
57021
42546
10469
80481
75121
94424
83102
70237
43433
90401
86001
95001
87611
46033
21857
25481
60261
83573
6001
90082
11137
67553
52457
88673
23901
87601
50113
59671
65801
1373
88001
29597
72993
13441
87017
1601
46241
79432
20071
89281
1109
10983
97301
72981
12501
48529
75913
58901
17001
46617
37068
32801
84801
63601
71137
10913
84141
7749
2769
20385
77065
95411
92081
63462
27586
66304
30881
27897
77121
84969
28633
19093
94913
31896
19953
95233
34241
94411
98101
19319
99168
99151
43801
18249
201
48129
22921
8237
62561
24899
2201
49851
21881
65521
65341
9409
33602
74137
9525
26973
8681
96641
33761
64176
57
80849
61751
69681
33431
55761
61851
99173
56969
15611
24561
23941
5665
36481
40721
82593
44651
9401
73877
16001
57433
64051
92849
99655
95859
87701
69264
88945
54785
11841
26849
40001
73
70477
49825
78710
38493
95361
34096
66921
7311
31641
47442
44001
21601
60361
18029
16489
61805
51851
77146
79375
64801
55865
17579
39851
83001
18461
64175
83897
21480
76745
73305
62769
92101
85317
78947
3117
71217
81153
78489
54961
20959
33681
4474
13021
40776
8107
23136
89486
84401
64689
23696
75479
86401
36150
40541
54172
53685
79041
92021
95933
21993
17105
20961
17115
67891
73601
19694
69579
99137
55627
1441
26249
11403
74401
88129
76635
33751
46789
93126
68129
21601
44321
74641
29249
25020
2082
2289
26409
35417
59217
65793
66001
74941
26653
949
81336
96289
58581
28225
45801
34777
30179
19621
97057
95286
71521
64309
39857
18748
32001
92657
52001
54981
88806
14109
52601
13637
93191
7121
27126
20897
9501
89161
23465
96716
53995
64401
39501
92501
31681
29001
20301
78753
97665
38893
26801
85003
5236
14153
78357
98381
14761
20777
44521
45859
54056
18453
53231
92921
67809
87265
14181
16404
22601
92601
40277
5505
88357
6731
46073
32087
15675
53681
17122
32825
9793
30346
78081
37801
80001
13113
37335
50258
34041
1201
62167
14166
26768
90661
57401
81873
13073
31769
64007
83369
88951
56511
876
43686
40245
92626
36193
77361
28546
54037
10697
56681
80703
39841
47181
71581
9701
51841
20916
88001
98681
68001
2949
86385
64615
13461
50433
50593
16281
19391
13717
62513
7926
8841
79409
78449
85721
5425
74408
77657
31693
54097
34921
87953
71921
81985
25217
98533
77881
35829
1201
66369
81461
98368
24001
7873
39789
59421
14001
87804
93363
75457
45001
42111
91201
15760
48681
74521
87137
92017
35031
98781
67961
70931
65101
61881
47921
16897
55255
48673
36101
6497
23153
62096
54170
15401
63441
60641
31521
18001
81937
36921
35457
57113
79091
31846
82561
7423
91713
44001
52655
16676
48641
40406
901
52361
58113
22880
50417
43477
28961
8097
31949
22941
10829
11757
85241
77551
59605
54684
8001
93761
67257
43911
24661
96673
10203
37301
38249
21689
19451
12651
58496
34741
11201
3421
40001
23009
18673
9505
24337
71301
89281
21457
2547
76065
50593
46443
60001
58057
82001
27503
95605
96609
64715
9169
97505
47601
64789
85112
64055
39681
77537
6891
57826
37089
39881
46682
2401
73565
80061
70289
15121
89185
45331
52417
1627
77811
12451
74953
8487
19140
57729
23397
85477
63851
19441
18594
65111
44285
94901
27859
11469
49501
57580
66095
57921
9981
19251
53501
65905
11841
33245
79513
59731
84129
66037
30349
46325
36001
26241
30001
27393
44901
15815
27263
49601
38445
5753
97217
92831
84401
93301
16641
48949
61393
80136
21569
23741
50401
68805
42135
52309
56449
37151
40756
20001
3652
24077
92951
89715
44737
65921
28001
85741
98225
16241
6561
18721
54801
80849
28769
39861
11469
50969
28647
89701
78601
72161
39857
87504
46641
57917
72801
16896
59801
17635
17697
97013
85361
15501
11769
58187
53935
47601
67449
60481
54986
22977
9060
6785
60565
67425
129
93681
32769
75969
3057
63241
47233
54401
58385
16129
23329
30017
49386
46293
67441
36151
15117
97501
75241
79961
78145
70401
54656
96689
46773
84255
36419
73681
94121
53272
16541
73817
51785
43025
34001
93589
74031
4452
33901
42537
18497
38416
24086
8351
82273
10835
52171
71449
62891
47001
61409
70181
63491
32081
22009
79223
35839
89537
43201
58313
81381
53045
43243
39161
96844
4541
23457
41465
75201
79505
80289
70237
81311
51305
70901
84537
87071
21377
83894
25221
14040
1067
74121
93521
96001
85217
36181
27843
95056
47593
13537
46961
69425
84971
38351
45809
48481
40125
53721
4066
66401
91811
47761
56301
20961
88813
14185
71584
72782
48321
21211
77561
23521
66685
91481
37726
18781
66197
11553
42741
94817
81957
9111
20925
65857
62289
75921
53101
17665
17869
28701
71969
73214
90457
30721
57681
21035
69681
4133
91538
31673
73035
9453
89441
80537
32001
70565
36841
42721
54601
65737
82713
46037
3691
83391
22961
29892
47329
62345
34753
50001
49801
54636
95601
46001
89409
3576
98214
84693
54375
50781
68639
71629
57069
92353
83889
19501
44321
55509
28508
25153
48716
15193
83713
2795
24454
15931
80251
72505
91076
70209
26101
98501
69311
25281
40501
59769
50513
65977
92449
69371
2371
61454
51021
96341
62433
79089
77781
40703
96961
82097
60345
99991
42049
76341
42501
17810
98325
30137
22676
42306
14289
30758
36293
35449
70749
56401
33
30193
35145
3126
63484
63893
72161
40033
17593
91841
85345
80356
79279
54903
22679
24609
11897
8321
17769
11509
24641
40725
98081
50075
1889
60433
82621
99726
57634
34418
93729
56133
