476
418
326
652
475
630
303
630
255
630
475
180
557
725
630
677
303
475
475
180
113
630
430
475
508
653
630
630
760
616
303
630
524
558
475
190
475
475
116
630
113
113
303
303
762
127
120
130
331
475
495
663
475
475
113
303
113
475
443
475
303
475
757
341
411
475
630
475
522
113
475
630
216
329
475
113
517
724
657
475
475
303
475
113
303
475
303
776
475
630
475
732
475
475
113
475
526
303
113
672
113
303
626
630
475
475
475
630
303
475
630
347
475
113
475
170
584
587
475
682
303
475
539
475
325
113
150
303
475
630
550
470
123
630
686
242
303
463
123
475
475
357
475
475
257
475
303
113
303
151
259
113
719
558
191
113
433
87
303
475
200
192
528
630
579
760
475
777
475
475
475
475
578
630
475
326
113
123
475
475
245
153
113
303
417
400
113
396
667
630
303
723
630
693
303
424
195
392
475
630
265
475
449
386
668
695
303
127
630
303
113
752
258
113
475
154
475
308
475
113
475
546
475
255
719
418
650
630
303
303
589
303
475
570
247
300
113
475
113
630
475
630
303
475
475
629
113
630
475
398
504
475
683
475
428
475
630
475
458
630
153
113
475
704
94
652
303
413
630
475
555
475
612
493
160
483
475
475
475
475
163
630
405
475
347
303
113
113
475
303
303
706
630
303
475
458
630
475
475
265
776
689
475
475
113
122
303
484
303
760
475
255
475
399
630
475
172
547
338
113
475
475
630
630
475
303
308
475
475
630
113
475
475
475
159
475
113
113
303
475
475
391
630
491
475
113
630
456
475
475
670
475
298
239
191
475
482
475
615
266
303
475
630
373
475
475
639
475
630
721
475
468
192
475
680
475
475
517
70
475
475
113
475
630
303
448
475
475
303
191
760
548
420
475
70
475
630
475
475
630
475
161
702
602
113
630
475
758
682
475
475
389
470
145
513
475
475
113
400
258
317
475
723
585
303
698
630
475
475
754
579
475
303
247
724
117
475
630
475
579
781
630
752
475
303
303
630
630
475
525
475
252
749
630
475
592
554
630
621
113
475
113
179
630
622
306
475
561
115
475
554
113
657
781
702
702
303
303
120
475
225
239
475
475
475
70
475
475
475
209
475
674
387
475
215
524
475
691
524
475
475
475
475
475
137
113
475
639
475
194
475
630
322
700
400
630
475
475
485
651
776
708
303
475
113
308
487
630
113
340
475
424
557
113
285
475
630
475
303
284
475
475
495
719
507
113
113
411
113
475
400
113
475
113
475
550
630
781
475
475
342
475
113
113
475
461
113
405
475
310
475
475
475
113
507
746
303
303
475
279
391
475
475
475
475
345
121
688
486
612
113
303
475
413
113
622
475
475
475
113
630
475
113
475
413
362
527
475
475
475
431
757
629
475
475
113
153
633
475
555
475
630
630
547
70
254
475
400
277
777
475
303
328
633
656
475
684
345
505
762
475
475
303
183
475
308
475
206
656
239
475
475
294
449
518
319
475
475
630
113
113
475
630
409
475
450
475
303
113
113
630
113
630
475
214
630
630
475
475
475
630
303
630
558
475
775
630
113
475
535
630
113
630
303
455
475
113
252
113
449
630
630
239
630
652
113
630
475
475
475
630
113
113
475
630
475
506
303
475
706
475
475
475
475
630
689
255
475
113
475
82
639
362
630
567
303
503
475
475
113
407
567
113
154
775
630
475
630
303
475
744
163
688
475
475
303
303
630
127
475
475
630
630
470
257
172
190
303
400
113
658
475
347
475
475
377
674
612
475
526
475
475
503
139
756
562
475
404
300
630
475
703
540
204
555
630
630
651
409
491
565
630
303
475
507
463
375
269
475
190
475
536
556
303
616
303
475
475
113
475
475
303
546
475
113
475
303
185
306
303
475
303
576
157
475
303
113
597
310
222
537
630
630
475
475
475
113
303
630
303
475
606
536
508
113
285
154
630
475
475
475
303
113
475
475
310
475
475
532
476
529
113
475
303
475
475
199
113
686
674
605
134
475
475
475
170
123
475
259
470
150
475
303
630
475
475
470
417
234
215
303
303
682
113
303
458
475
113
303
113
369
602
113
472
475
475
678
475
198
475
648
239
475
643
189
475
387
475
308
630
429
319
290
303
630
475
475
588
113
238
558
475
476
191
605
303
319
307
475
475
170
506
576
268
536
361
749
531
475
231
113
743
475
475
630
180
475
372
630
303
621
218
245
219
448
167
428
113
728
341
475
113
475
475
266
630
389
475
475
682
721
486
120
630
555
603
400
258
630
758
606
542
529
303
470
569
475
482
389
475
303
630
632
475
303
113
475
470
760
128
475
475
444
545
475
439
475
630
303
399
322
630
113
113
475
303
745
113
113
243
303
475
475
475
674
303
303
475
491
630
113
529
113
303
413
468
680
475
630
70
521
631
303
170
475
448
475
403
475
657
475
630
656
539
702
720
475
475
722
475
413
303
606
56
517
70
214
373
413
113
667
303
113
475
475
630
475
303
475
713
613
210
372
303
579
475
475
206
303
732
303
313
606
303
693
113
113
475
475
415
475
630
630
247
140
116
303
303
369
113
749
303
475
475
475
497
630
630
113
384
503
475
370
455
774
113
749
265
285
113
475
303
303
251
475
475
634
576
417
303
498
456
113
475
448
247
604
688
113
396
475
113
529
113
475
611
392
369
113
185
475
475
475
630
475
247
475
113
522
303
630
475
113
475
475
475
119
475
475
475
475
341
475
475
282
630
303
303
475
468
475
475
125
113
676
578
677
475
268
475
113
633
70
625
113
475
323
693
633
475
313
303
396
113
503
475
475
475
169
475
475
475
475
475
630
417
475
630
303
475
303
475
303
196
507
303
475
46
617
303
536
626
185
554
113
204
113
303
630
475
475
559
373
475
602
475
113
303
200
200
475
515
113
127
475
475
113
475
475
303
630
630
475
630
579
244
406
277
475
365
563
94
499
319
475
475
615
475
303
303
70
475
475
718
303
475
682
475
475
256
113
475
113
555
475
488
524
475
475
735
247
475
400
630
475
303
303
113
630
341
113
303
113
113
475
515
475
475
114
571
113
475
475
243
475
422
445
475
303
475
475
475
303
113
475
475
269
204
475
706
475
289
392
155
364
475
630
113
524
439
630
303
456
113
277
475
666
475
475
232
630
455
475
456
475
475
303
630
475
475
113
303
475
475
475
290
515
113
437
215
596
303
113
314
475
475
327
151
113
541
757
475
475
594
113
738
303
630
439
113
357
303
504
475
475
113
475
465
668
707
113
630
475
303
306
760
475
345
630
705
475
113
630
475
113
475
739
475
475
221
303
475
630
475
475
475
610
475
475
368
630
630
694
475
113
475
303
247
503
630
475
113
618
303
491
363
113
475
733
117
475
630
113
475
475
475
475
303
475
475
42
475
251
303
630
475
475
630
113
630
630
475
303
113
682
475
475
303
630
655
475
532
483
694
220
410
113
475
139
303
679
475
475
475
193
303
475
475
404
113
303
303
475
303
475
475
303
475
475
303
322
475
513
113
113
758
303
695
630
475
150
475
303
625
633
630
777
284
174
303
475
475
303
630
113
133
113
781
475
303
255
139
159
776
630
116
515
475
475
630
113
518
475
475
475
475
364
172
303
303
687
630
693
302
475
475
190
652
589
113
166
242
475
113
462
475
475
692
475
475
179
714
475
178
413
353
722
475
475
475
171
400
278
383
475
475
303
475
610
113
113
630
475
630
120
475
320
630
113
769
46
475
113
475
692
475
113
139
475
475
113
630
475
303
475
630
630
475
340
691
303
756
475
555
503
630
630
475
508
413
279
557
475
579
173
113
303
475
113
475
21
475
475
630
667
475
648
630
303
475
630
688
303
476
161
475
475
517
303
475
758
475
104
780
475
303
475
475
194
630
207
475
247
739
70
417
281
630
475
475
630
630
286
475
475
702
630
630
657
643
149
475
475
475
475
113
475
303
475
356
294
630
525
475
475
176
475
475
475
643
113
475
555
693
303
475
171
475
113
347
475
630
426
475
569
303
172
303
113
475
295
303
475
199
475
630
475
113
247
475
308
300
475
237
475
630
475
347
475
475
506
113
308
303
475
636
475
303
475
475
303
113
291
317
113
475
113
679
303
507
475
739
475
503
303
186
606
683
303
630
722
475
475
113
475
702
250
396
491
302
524
113
134
630
196
630
540
475
426
630
702
303
475
630
475
353
625
630
113
266
475
374
630
303
714
555
475
768
392
630
475
475
630
475
475
576
475
475
113
475
630
475
630
630
528
303
475
630
303
244
757
399
475
113
475
303
475
475
372
524
630
173
505
203
630
113
475
303
475
475
630
475
437
630
113
205
113
114
303
716
630
684
303
113
303
303
775
630
447
216
630
621
609
557
475
127
630
113
630
537
630
677
418
707
303
475
475
475
304
475
475
630
475
475
266
113
475
311
630
468
113
303
475
400
475
475
366
668
730
475
682
475
630
503
475
214
303
522
475
132
475
170
437
475
638
70
630
475
308
630
475
353
674
475
303
303
630
749
113
134
425
303
751
475
303
475
113
303
475
475
630
555
303
113
630
475
392
475
630
475
574
602
128
186
191
475
475
475
475
558
70
213
303
573
220
303
306
682
437
115
475
630
387
303
470
672
113
630
155
475
303
475
475
303
610
475
46
555
303
630
475
630
475
475
475
630
10
281
475
113
113
475
585
303
113
630
559
539
475
630
269
475
448
674
703
303
303
117
475
436
475
303
388
303
475
475
127
424
303
576
630
717
328
303
491
585
291
618
303
475
135
303
191
554
730
672
475
475
475
113
341
475
475
113
630
475
391
475
475
136
475
475
475
315
113
475
493
396
630
475
758
475
682
630
475
113
630
630
630
475
630
475
475
475
699
475
614
630
475
475
113
396
482
475
668
682
719
630
517
475
707
475
113
303
319
630
566
630
475
724
352
475
358
630
446
630
190
656
569
475
113
494
475
303
475
630
630
303
456
303
277
113
629
643
475
475
444
475
475
630
582
303
113
200
489
303
70
508
400
113
630
539
658
515
475
326
475
367
475
592
340
497
303
475
544
308
695
475
475
562
441
725
113
688
616
603
122
475
303
475
475
641
303
475
777
475
230
630
134
110
113
113
475
303
475
475
694
328
475
475
475
548
242
484
630
630
70
630
630
475
303
303
630
475
326
536
303
411
630
475
303
475
463
326
190
475
303
475
475
566
567
475
308
719
303
488
428
630
392
475
128
113
652
346
475
461
234
475
723
630
475
475
319
475
567
475
303
554
475
475
345
303
475
630
475
524
630
475
303
91
20
475
118
475
113
469
475
113
511
475
113
729
184
303
465
475
113
204
475
475
215
475
475
475
475
470
475
475
113
113
303
505
303
656
775
475
113
475
781
436
743
777
475
630
725
475
159
630
475
630
206
277
475
303
258
475
475
228
413
507
630
475
303
113
475
168
303
710
762
113
475
113
689
630
475
113
303
475
611
475
113
303
413
326
475
682
113
630
630
310
630
475
277
475
475
475
630
475
113
475
681
435
475
303
303
433
125
113
630
475
415
303
357
475
165
373
695
113
630
475
639
601
615
521
113
630
644
417
113
630
475
630
475
257
491
558
475
303
475
630
475
113
303
630
413
456
303
674
475
475
630
192
724
303
475
192
630
536
360
145
294
475
740
639
303
630
629
303
544
630
475
753
753
630
113
319
475
447
630
773
475
475
475
563
475
597
303
113
134
113
303
602
303
475
475
303
475
646
413
710
113
475
630
475
357
475
475
475
693
320
630
524
229
217
176
760
113
303
105
370
200
630
630
657
475
475
113
207
506
475
211
755
630
475
604
217
475
475
303
475
475
206
630
594
630
555
621
631
475
594
113
475
594
475
548
475
475
426
630
475
413
475
113
466
303
632
475
113
303
113
630
44
475
736
630
630
409
475
292
630
113
475
239
142
630
475
743
520
364
414
300
303
475
469
113
303
475
630
475
475
475
652
621
683
524
303
461
113
475
694
475
397
723
680
630
113
686
475
475
113
475
303
415
113
508
475
475
475
65
449
504
475
113
472
475
475
475
174
475
303
475
116
393
303
113
303
475
475
475
31
630
177
113
475
113
475
303
475
630
277
475
630
475
437
303
763
113
475
458
584
475
475
303
320
516
74
475
127
475
780
177
308
475
695
303
303
470
245
475
568
118
303
475
475
475
475
475
475
303
639
630
475
396
475
630
725
475
200
504
327
630
678
303
540
613
475
475
475
475
303
303
113
475
410
475
478
475
303
667
524
113
475
475
222
475
475
630
191
475
630
475
475
303
439
650
475
630
217
582
548
113
303
475
630
303
53
475
630
630
475
462
113
475
475
475
651
303
475
497
475
470
475
524
615
630
475
684
618
630
475
113
630
475
737
303
303
303
475
448
587
319
308
483
678
475
629
204
303
475
475
303
475
113
303
357
722
185
630
113
643
475
491
475
475
525
174
745
475
475
475
113
542
630
630
475
475
475
475
475
667
113
303
113
279
219
113
633
548
303
630
303
475
113
37
630
475
534
324
518
630
475
280
475
478
121
475
325
303
303
261
113
555
504
113
256
499
630
520
475
303
475
457
630
514
475
462
475
630
475
416
475
303
476
235
475
303
522
113
308
247
475
303
569
265
470
113
303
235
149
475
475
695
308
577
113
148
475
303
468
764
113
539
625
475
610
113
504
281
630
475
303
694
475
738
113
475
475
475
113
630
475
216
303
500
172
475
475
630
475
113
630
657
113
464
303
303
651
308
20
475
70
336
475
303
475
113
475
475
630
631
475
475
504
475
46
303
303
630
303
113
392
475
539
475
731
113
756
630
303
475
303
757
630
303
518
191
207
303
630
475
630
777
303
475
475
469
353
515
475
475
326
751
475
762
303
113
684
178
630
475
424
475
475
113
682
378
341
475
303
706
200
630
471
313
113
190
475
400
727
123
629
475
303
630
113
504
632
630
599
643
683
475
475
630
145
683
466
204
475
365
475
555
630
94
475
475
475
475
589
418
668
475
483
483
475
630
532
113
322
372
475
630
475
630
303
113
334
475
482
303
630
448
200
475
475
475
113
113
303
113
690
303
475
651
118
475
303
475
699
475
113
475
475
630
475
475
475
630
303
114
113
475
475
374
113
475
630
303
113
266
113
668
303
475
475
475
262
475
630
277
630
303
475
475
119
113
341
695
475
630
630
475
444
475
475
475
303
303
630
748
475
113
113
584
475
113
619
113
716
127
173
678
321
144
575
475
303
630
475
337
475
475
475
499
630
540
277
299
630
113
113
303
475
475
475
475
707
661
612
475
303
303
548
113
238
207
303
633
755
203
70
630
630
475
422
303
529
113
303
475
506
475
303
781
496
295
303
475
769
775
303
475
475
475
291
92
630
475
630
475
46
206
303
651
475
303
475
113
333
303
475
117
113
475
630
769
481
682
475
113
475
475
475
476
630
303
576
475
303
475
626
514
630
475
686
113
351
430
339
113
113
475
719
162
475
475
475
303
475
319
448
732
746
475
303
187
303
281
455
475
475
113
475
113
630
525
475
548
250
475
303
303
113
461
286
673
475
180
475
485
475
630
724
113
630
475
630
46
448
780
475
475
475
475
693
129
126
475
303
630
303
481
630
475
475
475
475
475
651
530
303
475
454
475
630
630
303
475
442
475
433
303
303
515
201
556
390
630
149
113
113
749
626
475
475
475
216
475
688
625
184
521
113
684
587
233
307
475
322
475
475
283
475
475
693
529
303
113
630
630
475
475
506
630
378
583
630
475
475
303
303
115
303
475
475
758
630
192
475
475
303
686
378
630
611
113
444
475
159
303
113
303
630
630
475
475
756
475
719
594
475
475
335
268
475
133
374
319
749
630
630
475
475
468
475
475
303
550
113
303
303
397
710
475
475
475
228
579
282
266
705
555
636
630
362
113
475
475
475
468
694
243
303
630
630
630
113
365
753
746
113
475
475
504
303
475
475
303
630
475
589
475
475
475
536
475
475
303
186
656
475
113
475
113
475
154
475
630
475
370
475
506
717
630
475
630
514
606
223
113
425
461
475
475
113
461
145
303
764
630
172
303
239
207
475
475
475
738
630
475
327
303
475
154
548
303
70
475
279
559
693
475
475
630
475
303
303
739
475
652
475
630
256
360
113
775
630
303
630
475
475
286
303
475
630
475
213
475
413
539
475
508
475
475
622
303
303
710
140
475
308
227
475
504
475
303
630
475
303
451
475
200
764
475
475
113
303
303
417
552
475
190
553
475
248
69
396
113
113
475
475
554
413
113
475
113
113
475
190
475
113
475
475
475
327
665
630
374
475
113
303
278
564
113
475
475
700
303
303
475
671
136
365
204
630
113
113
398
207
475
630
303
638
475
630
630
630
172
475
630
266
475
713
185
686
475
475
531
180
415
113
424
630
475
630
700
215
664
475
558
154
630
475
114
630
475
303
630
475
475
468
475
630
681
303
451
781
553
303
475
475
333
303
475
303
630
303
630
475
475
475
475
258
630
475
576
475
487
630
630
630
475
605
475
475
475
475
630
475
475
360
729
475
630
303
475
475
506
475
113
739
630
475
125
511
475
113
631
475
337
303
269
428
475
303
303
418
475
448
129
113
475
475
113
113
113
303
520
303
475
722
475
539
475
769
475
299
475
306
727
732
250
475
113
100
475
475
200
70
630
339
475
113
707
475
363
303
475
475
295
113
475
475
553
475
689
303
387
739
118
308
475
475
475
294
303
780
700
303
475
266
282
428
475
475
475
303
475
630
303
498
475
113
702
476
630
303
475
370
475
308
303
286
721
303
494
614
303
173
120
154
303
630
325
475
157
114
579
475
630
475
780
475
113
475
425
289
303
475
699
475
211
568
303
475
630
61
363
475
136
630
155
442
113
303
631
394
475
648
615
325
494
475
475
475
691
475
113
303
407
567
475
548
475
475
630
475
630
113
307
475
171
630
713
185
155
475
596
475
475
630
303
303
475
303
475
303
648
615
119
288
557
475
674
688
475
625
630
648
529
113
475
294
285
733
94
475
475
238
458
475
630
213
475
113
475
646
372
475
475
442
475
475
303
475
113
724
475
225
475
630
207
605
506
303
475
475
475
303
475
99
303
278
579
660
668
241
475
475
475
278
630
475
728
475
475
482
581
131
475
626
475
475
475
528
576
475
630
475
303
683
603
475
734
119
629
652
475
579
475
113
630
207
177
475
475
475
686
687
258
303
476
475
475
544
630
113
630
475
507
475
303
475
475
303
113
475
738
286
535
113
113
630
166
475
303
475
317
475
475
475
475
678
630
630
475
475
114
319
475
630
475
162
475
539
475
303
653
475
416
630
113
567
458
475
475
113
303
234
186
234
475
303
117
506
630
693
475
303
475
630
630
475
303
152
303
475
630
475
113
630
647
303
303
475
653
191
475
113
475
475
345
362
303
303
475
630
303
113
479
160
595
475
303
645
722
191
475
475
475
475
475
670
475
303
630
630
475
475
630
755
159
341
475
303
475
630
475
303
475
117
475
378
630
456
444
475
113
475
475
475
517
630
475
504
113
475
113
301
621
113
113
475
113
757
640
303
724
475
475
475
780
219
461
660
233
479
475
475
319
303
303
475
303
707
220
475
464
303
475
375
630
475
334
113
650
630
745
475
303
431
475
630
113
708
475
303
487
762
475
163
217
475
394
113
693
303
475
113
475
303
303
170
694
702
475
652
475
308
674
204
476
475
303
338
475
467
713
475
493
475
539
190
698
475
639
475
155
113
117
503
303
113
475
113
615
475
630
475
321
113
630
630
738
456
475
781
578
630
475
475
762
475
630
428
475
303
475
773
303
475
630
475
475
198
583
475
303
113
475
303
499
475
113
475
563
503
475
375
145
475
475
475
475
113
303
125
723
303
113
618
250
527
475
303
303
645
422
475
265
630
475
303
630
303
630
475
113
303
127
691
475
604
475
113
534
475
475
308
475
113
475
475
475
630
255
630
582
630
475
123
577
94
303
656
475
325
303
630
475
475
475
475
113
630
584
475
475
600
248
113
303
199
475
475
308
475
630
609
94
475
303
475
303
630
475
206
544
40
719
630
513
475
475
643
714
475
475
120
475
756
545
475
707
630
321
475
475
380
475
475
475
113
374
113
475
111
548
594
475
673
113
258
193
603
475
113
475
303
475
113
761
475
122
706
554
139
113
758
674
475
396
555
475
475
303
568
215
475
630
413
303
760
667
540
475
475
702
475
475
662
716
517
630
674
113
475
544
113
334
475
475
475
113
539
738
303
322
303
630
484
134
475
475
475
411
630
475
600
530
475
163
327
303
657
475
475
418
132
183
303
70
630
113
475
757
518
303
475
245
561
630
630
518
113
630
444
475
594
161
475
475
758
475
245
303
475
149
113
113
542
724
706
154
303
345
262
113
475
569
536
475
475
113
113
753
303
728
193
475
475
138
475
303
113
756
303
630
199
475
308
475
399
475
303
475
122
475
127
386
475
630
250
281
475
475
720
282
674
322
113
475
303
303
139
303
475
113
682
113
686
475
303
475
113
630
475
503
326
365
303
475
405
204
475
475
303
341
475
475
475
585
329
475
204
303
239
475
303
303
548
475
606
215
384
113
303
475
135
475
680
756
752
125
475
475
70
630
556
303
563
303
475
340
606
532
488
418
630
134
475
303
303
591
706
688
282
186
475
373
94
475
113
475
604
587
481
703
630
475
303
475
597
303
341
119
630
630
113
303
680
700
113
475
758
475
313
113
475
475
204
630
630
475
113
475
475
710
113
475
630
113
475
303
394
475
479
475
113
475
475
468
475
485
358
475
538
426
186
693
475
630
439
475
120
299
475
113
630
497
604
730
113
235
407
303
713
524
475
722
395
643
264
113
113
475
303
119
475
630
303
475
113
113
303
113
113
185
284
303
475
475
475
475
630
113
232
475
505
630
475
475
159
46
157
475
475
155
435
113
137
115
630
303
418
743
113
475
278
475
475
475
475
365
282
306
475
630
303
303
630
303
475
475
475
475
113
475
475
353
475
208
303
475
630
475
630
630
303
305
724
303
123
630
475
416
358
303
113
630
303
464
508
509
113
194
652
475
475
475
630
475
475
630
721
475
185
764
475
630
506
407
113
475
475
625
475
265
113
475
475
113
113
475
475
303
540
423
303
475
303
630
475
319
475
141
475
303
353
113
303
475
70
460
475
452
683
517
475
481
113
524
475
475
475
506
630
225
719
231
395
127
475
630
408
252
303
475
303
113
385
630
220
113
603
254
242
630
625
630
475
475
475
475
475
576
544
132
581
303
