5000
7017409
3706635
3167456
9163279
6162433
8864911
2890237
8354705
1790721
8665933
6763905
1356226
7571257
9700293
8671751
9326881
2710487
6916001
4670657
1351251
235960
8199077
3764501
6428943
7229409
9169821
8373881
8444041
9895361
7931811
2955265
8694066
7331361
7577349
6628877
1415001
4888401
6507777
1024301
9001777
366921
763323
2616313
2024065
9904001
1104061
1059402
1121961
3206033
6516401
7133126
9219356
5575001
6032381
503281
2795633
881747
6635373
3814173
6849915
2464001
5800075
9862225
3251281
3637827
5579921
8705929
6921081
7317001
185876
5493001
8567169
1571731
3194881
4420337
188751
7288795
9695297
9193209
4507521
5883426
2679465
5513439
478697
2672801
4517719
2035921
9958817
4662807
8900021
6378161
9735076
6529961
4694493
630993
5802361
7352757
2284054
332193
9284801
846025
2781823
7979569
8227937
5911928
4042406
6531899
8511541
2931261
6469601
8936057
3282321
5452607
397057
4865108
1291409
7740721
7754425
4838877
9366501
2360577
6904701
7447777
6029584
3160673
622417
1211249
2080885
6106667
8612189
7511287
3978065
1077798
8861361
9406897
1693451
2272161
3929986
1077041
6168425
5741201
3312433
6920483
6346625
1804809
5637821
2851653
779165
2815031
1214651
1821917
342401
9645281
7580251
1433473
916705
3772001
77902
2509481
5220961
1474866
1437923
7364569
8335880
7712683
9894391
6379441
9969575
4414657
5917757
5870881
4586363
7695641
8747649
4705913
3170781
949413
1081937
6692487
6060001
1710329
1220481
936875
2653413
3697677
3575119
783881
3542329
9253071
8468641
2414465
9680626
8146545
9454077
2082519
3726401
1454737
3503601
6149121
8832929
1837457
4913769
3854633
3464796
9265961
9488066
2177281
1111969
8594561
2794264
897669
9822153
1815652
512361
6834685
1225161
6202627
3063201
6880001
512917
5513693
7489625
5430365
1783633
9636181
3701033
9131393
8330255
2690869
2882217
7769738
2083781
4965933
7665511
1728401
1992317
471251
6127904
121625
8211073
6132605
8081113
2342987
4693649
4351089
7992801
894081
8940885
4235731
3563236
7182451
6027601
9382169
6874569
3754181
4296443
8083001
4491563
3905633
8989116
1220430
702721
5034865
9556625
88625
9159331
2360377
3666040
8147847
6776129
7559526
5539753
7894649
7117055
1254337
7072869
5831601
5141537
5737101
6910127
1271925
8387641
3599641
4199501
3282081
2957577
467561
356561
5599501
2546161
2977713
9566487
8120681
2214401
6877201
3901135
8178239
6844545
4414822
1840481
9962241
9438921
5015801
5360416
111861
1067251
2077869
7075965
2664786
9891354
5317329
1781889
4102993
3567321
8659674
5246071
1306601
7490201
3234333
104231
4764629
6830961
8706471
8152887
5931921
2145265
3060684
6129313
6546469
8325471
897593
6444001
6591361
6834625
1253261
5898531
594473
566876
2279705
4155384
6488251
3498677
8900164
7113496
5140448
320929
8074401
3891073
5731839
4735217
9273785
6933541
1987193
1677953
1437225
4600193
7068861
6369905
7928481
1850401
2651201
6667801
8799061
3410645
6399201
5248279
9053911
6951817
8714785
9654361
4930425
3955457
1437441
5246321
9345489
4689801
5188145
7281681
51201
4008911
4651801
546559
6085968
8786977
2418147
3844521
4628553
5394230
2480385
1425313
9889985
7497601
3713356
4692001
47101
5279377
8325025
4775641
5573441
8880001
6330785
1262277
9535681
7837961
376027
8200041
4244753
9883289
9366537
4130861
4131761
3481411
3972225
1187911
7258881
4473839
6724577
170287
3583521
1820162
3102301
6714161
9684779
7747473
2807377
9496289
8770132
5079489
6998255
9836667
7704997
6530711
2206537
1720793
9698305
1032145
6121481
8975001
4921281
7703823
9995137
8257818
9821584
5656111
2969605
2482565
8840449
8526099
4699361
7348161
6320465
1760602
9810359
8114291
6922081
7781601
7531393
8522629
7945001
597601
5313971
779681
1340069
8690081
7952701
3008051
4148666
7595265
1008861
6660425
7529836
613177
9192321
9994943
9545019
9530561
2554701
2403019
1062257
6960701
1602121
1673117
4056321
4096021
5692539
43955
5712589
6828401
4855389
1536345
5757057
9317057
3468303
5179709
1564857
7329175
5252801
9442639
7333065
6860037
4035281
4885521
4401501
5985461
1155501
769806
5196305
9050001
5481681
1447789
4668187
8414497
3141057
9522457
3572001
8275001
5081913
5674569
7079797
9148413
9958601
9584841
2556413
5218609
282497
3044625
7086001
8788237
811289
3242011
5037471
3728169
7576321
461841
1938426
4916457
8546201
4548341
2699441
1933915
6174101
4308077
7133897
9643441
7221001
247926
460751
3641971
628241
6911761
3586261
945221
6410569
577153
4486065
7509017
8849606
9994401
4744809
4103602
3252575
6349401
771551
956877
5368225
3922465
188481
3595521
5382853
3070161
6264581
6430757
4600628
796644
7223057
9797213
2032849
2716851
6249876
1903209
3495227
6407601
6368091
5772561
4379001
3265972
1063485
9420098
7083520
7897493
598745
2443448
4633359
3651513
215211
7951151
6783761
5733361
5500801
990055
8419347
6952395
203625
6328301
3652711
3333361
7357681
6781895
5533841
4575329
3767441
9858649
7989425
4816801
4474513
147557
1218241
9035161
5350001
7541469
7009941
8112001
8091261
7492617
55777
1775684
4486336
3569681
1888433
9977937
5283841
2562241
3190793
9034029
9184161
5266179
9395969
3263105
7191941
9902851
6560881
5669061
2024063
1371701
5053185
3039921
5731723
1515651
9183705
1674833
5448265
4153985
1972481
3855857
7295403
3124081
4866081
4931619
8701505
681591
682081
4943021
8219481
3621876
6939257
3861633
6189059
2607129
591671
412651
8018721
610494
8352081
4507301
1556851
8461901
8178161
4378356
5823501
6218745
8332953
2755801
8986881
7583473
6306097
9941251
8532017
337826
5045221
7415115
8815641
696561
8221324
2353009
3872001
5108941
695429
1756453
928851
3854801
8141237
8550369
1675937
8563191
9158137
654293
8859289
6500925
5129961
4733014
8101501
291445
920833
5000885
8842881
6292213
7208865
2988709
4530987
9563192
4681001
4861889
4893089
5134961
8649351
9438221
1784541
5669971
992871
6267739
74819
9060579
3337153
8209313
7633126
2627384
7171777
4252865
5616161
385401
3609091
7639679
985481
1224633
9951501
8734656
4658733
8380466
2475971
5610161
9788193
1270101
9428801
6696865
6502401
2297331
2656781
8768274
1098769
6554241
5069929
8634169
8227490
3977409
1804701
1307213
1418241
2637217
3578981
694109
9197941
4742401
3278401
6843168
4903841
3426177
9297726
7893105
4481041
7353553
6710451
4051457
7162481
1172811
9852497
7610671
5409865
3594561
1993601
8776065
6632051
9556169
7456951
1506325
7562024
8996701
8940008
9147056
3625993
7107713
7629033
8553681
2795401
4830468
7216591
3930001
3420992
1863401
4829955
1421221
7006275
7428001
7563777
2923509
7930849
2040253
6318511
6828566
202361
4429991
4200201
2895049
7488193
4913185
137161
6759341
2203051
1388489
3012529
2845926
4981953
2767569
7683727
1244217
5532705
2363341
225251
7811941
3066791
1595621
7434801
8792227
8990609
6585441
4418977
5712667
531441
2150041
8659561
2301501
5007905
7858389
7415973
7243731
372864
1936801
1227977
8668451
6495941
4638961
6101937
2984264
918261
6359521
5350641
3067765
6313465
5764357
7400537
7033665
7373137
734273
6927020
2667293
6716921
4634679
1468833
699141
9401706
9295026
7852321
1141248
4137937
5249337
6506026
1292176
1078501
5745951
1822541
3974577
1208729
5385905
2042631
8666625
4647065
6005665
3975201
3698573
1652225
1561652
2367443
2796401
9372801
210625
2629291
3905181
5628043
759153
2680001
879201
3376373
7833153
468401
3992167
5425537
4251551
9331030
6817403
1464545
6012001
9110953
1675651
4339736
9083601
1412097
6492734
3470501
5125715
3047657
8649857
3762747
3107916
1959221
2171373
8270221
5108813
4064453
7759294
247553
1665091
7577501
6820513
7014401
1435137
7851489
2506417
3120061
3022017
6609681
4760788
1290137
7201391
7687521
1854341
7434061
3330761
9811137
7388997
4616529
1634061
946385
9787170
5568111
5660841
8066692
1344349
5003913
3396441
8528001
2569049
7948354
1580033
1710126
1583729
3849850
1280976
3761341
626813
9719246
3247906
4975093
587681
4229377
4074793
1849728
8206241
3483281
6518593
4621201
9366673
9653504
7084641
1061845
8800459
7541121
7841397
3579041
1816489
8483501
9872011
7859566
7469084
7381001
2039651
3980619
7659961
6463281
7065887
3481841
5636639
2321985
8148401
9021453
6070778
2604481
932791
4159105
3982503
9891431
1115719
4520257
4718005
3824001
7486721
6226346
3799201
5464265
8225377
2864181
3568375
3144512
8457045
225397
878409
4280817
2263801
9790889
229497
148465
1701933
2643201
5698609
4367671
5400901
9313951
2508701
2480665
5113921
7102177
8431241
339841
7367686
786773
2764987
3666200
3948785
9346491
6397122
8118625
62456
7312856
9002576
2097761
1291781
4520541
3844593
6865941
3591326
4217513
9195321
4330713
8074541
9183601
7450925
9544501
9646593
6199729
4536651
9670751
5101361
3660441
2654913
7859263
34501
7282891
68609
1557001
3406701
3650497
807025
9244801
2878803
264191
4641301
4378138
8337866
4066141
2497761
4557949
9607321
7903276
1548321
3399345
2778961
7713961
5038698
6232881
1519792
2364961
9733785
2741117
3083717
7863341
2175321
9458989
201616
709249
5759249
6871017
3679348
6971041
8737073
8916577
1718461
1177041
1023881
2778733
2931673
3371987
561137
9809857
2007565
6677761
6659941
5149957
7136862
8502237
8696120
618369
3451961
7173061
4186709
3383881
3871909
9936281
889045
9815841
1841281
1939408
617551
6816681
2613601
2635773
1752386
5859001
5177575
9041841
7689351
3690821
2366281
7141445
3888486
944467
5403566
3852401
1717569
7846716
9431311
871985
3541677
6434609
574721
7377171
250333
5435297
7889401
3508225
3371151
386433
1381153
5571876
4227601
5165809
8271179
5827201
1720681
4376905
411586
7322301
2569169
8068224
4103861
957939
4635457
6520151
4150051
1044285
6957301
5618704
6629001
4529009
3249289
5173951
5197194
1917451
8054821
2151257
2426565
4661533
3951137
5669929
6074497
1087419
590941
9323073
7694936
9328101
4053377
1854817
5733847
168282
9033501
40961
7964221
822761
6199969
3157395
9460353
9030933
6804505
3082128
2450211
3549819
176309
7173581
6456201
6680609
4570411
1287781
5374001
4044395
4226501
5127529
5511220
8929401
3698737
4380657
8142453
2295541
4674303
2183041
5482501
2707829
1460823
7216315
2141489
4666777
24331
7934465
2192717
7429761
7980216
1381929
7537895
408001
1500520
522881
2328117
8487227
5586817
6374681
7591557
3406509
4556439
7834625
6822801
536641
2519537
1472865
1481231
4331885
7275329
897901
1113633
5869861
4461957
734361
5225127
6403175
2939841
8817769
8869393
5986821
8383921
7712172
1705409
3602001
1887401
4924351
3359646
7612611
80001
7147453
3107745
5980261
6180321
7920431
6237161
2434726
2849797
67457
4673361
4146518
9633029
2527069
4591337
9371981
5337401
4065441
1795201
207033
4527921
542401
7559718
6183349
7093533
7339749
6243301
4432789
9754221
1720965
6405126
3576969
8599301
5982081
2266401
2154494
281651
8588376
3251501
923265
2646153
555901
380446
4074469
7270849
4150461
6035215
1006491
7666016
306185
5768030
5131841
1699101
5123929
3720781
3826641
6221085
2669641
4722381
6508401
4761829
2546561
490625
4037196
6112965
1857801
1501186
5598827
9568001
4733441
1957601
3505001
1239631
3343833
6585539
8278401
895681
7345001
3795629
8726019
2798209
3887001
307713
1890925
6667751
9231277
5494415
5478817
1640626
8240897
3872623
4413884
3886956
4017295
4436001
2213848
8175723
6867751
6264037
877957
2162501
6747661
6164126
4052189
1958726
7268881
304401
3785461
1565097
7806811
2660481
856745
3087067
5494889
5077610
3185825
1213998
239601
7461899
9852801
4669541
5699201
7784033
122977
9766241
2883361
8443417
3797155
628379
3313704
2014921
7189489
4382977
4740261
823563
4754499
3939265
9269031
9579641
536465
8770249
5233001
2564793
3007617
9894401
6256089
3261196
8613077
9558801
5531681
409061
8765377
6311596
651399
5871713
9776441
6613497
4946722
1594881
2852961
4641961
8452161
4502111
4259921
5001923
7875263
4713981
6139776
3368449
8859161
8062945
9470911
6206841
595985
6227045
2018001
1717249
7167669
8803126
6371013
395305
7936571
2845881
7108426
3343381
122767
5071089
9745601
1032001
4995249
8271279
642481
6588417
4507265
6435369
5060839
2687953
4181127
5660449
18253
6742811
1748617
2714449
8645067
6993041
4127329
8542081
116071
8464583
8595337
4848683
2500001
326097
9367729
4301381
6263809
2259285
8106625
9176661
5798331
7394638
7070401
9473101
1587592
3629641
444191
4765481
1174341
2126521
9333505
6418456
4998526
6325241
1444896
2994305
5084031
5579201
3594921
249825
2387161
2763321
4418801
2362505
6447041
4449301
2285074
4183988
5624321
2519977
3144129
6875905
7258401
394386
805489
9877461
2806329
9491251
8680221
5930577
1209001
4056007
2291685
7965993
9028971
8364850
9968179
1934937
1318657
2054609
4690985
6126001
2958353
8129447
755776
1131569
139360
9999433
5424353
2488065
1793206
1168001
1252489
9959475
8154250
1024321
7276321
6774929
5555306
8006121
277421
7292673
6408821
6005457
4981651
6929857
3353041
1309833
2108801
2264961
9418951
8175797
9467805
1996103
6159251
6477953
1420921
9160763
7771685
531569
1279201
1690801
6233341
919397
3926297
4897869
6550449
9448321
4939771
6485273
1342861
9620001
4289161
1336241
3652785
3302117
9670140
4883005
6630601
4526241
1300115
3570881
1897281
3448896
5216401
6521775
2182991
5942693
7881343
265681
267009
8009321
6002629
8761731
1061661
5110407
3128955
8765593
632761
9926291
28161
5574131
270695
4015505
9451029
6839201
518561
1175109
6537857
4614181
652992
8115857
6309121
2718794
4493161
8832469
8112473
6109425
3242801
9445626
2902373
9849649
4266929
7547489
7175801
8759116
8071681
5897301
7244266
3659521
1903457
7572033
6917761
7707076
1316289
479921
2218747
4494674
866745
5286026
10411
5564209
6811901
8265501
9249770
4105985
9111677
8505254
2163601
4660163
8810153
9423157
2629153
7024090
1260307
5490487
4737498
7285286
2699891
5230941
9882133
4582391
95243
9987147
5280101
2984031
5263617
4089679
1450176
8346701
1526769
5169297
1724899
9773761
46441
3694561
1916169
8276097
6962351
6166336
8398357
8037001
1943819
5283402
6989421
9544629
8631721
8544277
9192051
9088211
1203841
4388247
4666325
6842465
4198681
620825
6772361
2661657
4952339
3309165
1973801
8267681
7349889
6004137
6842075
1332129
6728601
6282177
6689033
9089617
493073
5743631
7555761
9452041
2737868
6203041
1300401
5953751
884756
3278465
6204821
8419793
3741905
6647345
7662497
2421700
1307137
2568872
958540
4348397
1980601
2421037
4110957
1466193
4221601
8443361
6021657
479321
1730151
6881825
3046657
1990651
4924805
1659351
6621469
8830241
5932801
3282096
5021617
4907497
7203401
904081
3033201
2238622
6790951
9044801
5446447
2217757
5825571
6855301
2762727
118353
1964476
3097761
506951
5654241
305841
9336393
2485761
7215716
5819509
9773621
6477669
7165601
2309449
1399281
7862223
9380181
2511551
8126913
9660561
6255301
5182369
996769
5548281
9541261
1745741
3547626
7106303
1996801
7331193
692751
1144141
8969378
1459201
8853337
7458961
6263937
3732896
8451701
9547001
2003697
4929153
8730721
5249921
3299041
7972189
8190760
799381
1845201
6794516
3415809
8651116
2255400
9617061
7544833
5726876
9922876
3510577
8137561
5587201
5867891
8028751
5352093
5815773
7689089
6423762
5827201
937505
5240193
8035549
4190435
8426984
8784677
7364001
2630401
4746471
8908801
2657345
1705761
9852921
3565401
5319367
575617
4651501
2123066
5126945
4946451
3394937
7327361
8857496
1311361
7194725
1493961
8547937
412651
4874065
2845192
5258489
6755561
8341461
5522411
3791873
8076851
794181
1511257
665121
1006465
2743112
9625923
8477953
9391991
2970877
613995
2680826
2049361
9944849
8745211
3842347
1572721
8926721
7945056
7871137
7574481
6497003
1106681
8204113
960903
8244347
7436051
8278821
9328516
3702669
9582531
2201055
5385664
4598461
4431231
3001415
4530865
4714617
8127215
4842119
5971265
1850375
108147
6727593
3073429
8484921
3956441
246209
2756737
4094261
3581607
5077341
4870031
3362977
9262065
9731551
6745593
9371329
6162889
8974226
7172529
4324717
1557471
2936401
7317761
4281861
1128473
4595969
1298871
3785627
5389336
9049247
70141
8205201
7010213
3048601
8094681
5085185
3303971
9298321
5709093
2022781
2235272
8187045
9814029
405988
1140993
3729021
2859278
9818421
6445723
2300001
5662426
517871
2141831
5584737
6995601
8506801
7549061
2459331
159335
8181666
6988135
3512751
6204351
8860641
5382501
7674241
7836487
1116057
1403873
1432239
6396373
5056321
6745221
4396481
7583361
48385
1556321
2098633
7669501
1585455
2026547
3014706
9360841
3786929
1009531
5611121
8116121
3469389
2033073
3979501
9283961
787812
8609441
1237439
6311096
2173151
6988851
6013428
2752353
7881467
4860363
20161
7546171
2725391
8042121
6353249
8894593
6050539
6819801
5291153
8486437
211
1910882
6985345
450921
982301
6688403
7747208
2892261
344821
8408186
7590759
7448833
4225701
8987073
1865153
7008171
3849673
9301953
9547608
2874927
2559197
1034961
5100561
3782381
4132517
2226251
3470769
2924990
4866871
6912521
1112129
3726105
2113601
7687589
8350817
9627701
3191025
2422641
7101775
7746808
1966726
7937501
2083601
4639511
1146977
2356799
1423976
7537341
9727361
9281459
4817195
5452883
5068181
927361
3249605
4221313
5554901
480861
8492270
4030481
3495681
4971094
5291617
1152141
6158241
4355376
4350021
3090841
805933
5124481
7115781
3542289
8258141
4321657
9874809
4535212
9361041
8932905
5417961
363041
8527137
8530209
8728837
4338913
8415157
4115411
6224585
5283905
9509591
5954485
7914693
8545311
4299593
5966648
819298
3550751
7066646
6411331
9263901
9367626
9640517
8577477
7285101
6345773
9583361
5335105
353201
2744129
3122709
8112336
7632211
8068009
4276041
9688853
3293281
5332801
3316507
8421761
3834661
8820581
1412801
9184577
7655969
5780577
896401
7118561
5094993
2554022
6138208
8249302
8225665
2979400
3884817
2920321
1885839
430669
7988301
9083345
4882081
6888137
3824363
5272101
6225301
8407766
7726529
2331361
565665
1476954
7094236
2934881
66001
7240951
3579121
604977
8601313
7440243
9199239
7275031
4356451
3168276
5672601
3365553
6771673
7782121
3243982
7141349
2980001
6732593
7476014
3046417
9481697
4860891
5763977
7605005
3805678
9705859
818101
9425077
7931548
7838465
1066969
6173545
2323589
5771751
4975170
9076597
2099841
4188881
9973043
6331201
1631351
8858050
1143514
97817
715413
631161
5620450
2761121
6611809
5207601
9477545
3193460
6651681
4256221
4086488
7496201
1692161
7079601
8531329
8539493
45441
8761731
8151580
5246297
2797969
2670041
8762121
4544211
3177961
7429393
2032001
3636418
8613870
4359213
2757385
6295156
3928356
3169327
1418835
6857429
2576979
6170913
6150785
7630593
7640757
6925001
3046551
9636031
2823209
7088751
3751902
8493351
3512041
5160961
1114151
920017
9164478
3270785
5848221
3922051
1652451
4113825
9671565
8362635
4824123
4552231
3113371
4585881
7639127
4672219
2722905
7529961
4288145
4081929
3261845
2679101
4599249
8724675
4307729
7343216
8287649
4417921
2004129
79353
5907
6668657
1041753
6600376
919257
3965651
6457801
387853
7253286
5912609
638465
9726785
1372529
2062966
3942145
6648881
444137
1497001
4008001
6955457
1560753
6529371
4798597
6570155
4268801
3982201
4454961
4824561
104897
592097
2285571
7192603
2521551
9183343
9943977
5845857
146533
6976551
9992433
3782015
9784785
9973825
5496751
8288376
9703181
4215501
1251636
8343721
5436857
8162321
1518097
1891876
5840289
2817601
1812209
6281121
4194500
1618161
3666617
7224751
8245097
6909016
2809513
247681
6661313
1283073
2480656
9589251
9905323
790793
5429633
841093
9434961
8203671
6468961
681041
2109767
5922079
7888089
4412307
488401
2347733
3657311
3175361
6370137
9373249
770780
8136697
8981121
3069057
8079689
4700721
1894849
4896065
4958157
6505921
8251699
4211333
817741
5789513
9355112
3779826
5808961
2806511
2020641
3772801
1090377
361133
8820353
4413929
3674877
2126985
3314449
7011463
1278001
3409281
9490491
108046
8287233
6103265
9062453
7832137
7920915
7311497
944641
8595441
9095621
3694251
646500
8411601
6687793
8357569
6260385
1802681
7106241
7583601
6099841
2114145
4729451
8752885
5104025
694401
2554561
8226901
3670001
3879041
2703970
9298287
5832867
6244001
8274361
1439423
9697201
2112435
5803871
1442483
8225601
7433321
3325121
1188951
1975743
5123891
9779461
9055073
2675561
8748552
7994941
2052501
7477688
8152019
5399521
9831327
9831709
8596981
314175
3115101
4062821
3839726
8495601
9934801
6073825
5030100
6886966
7618673
4887576
7808001
2243313
897848
1136965
568089
2371521
7834177
2004111
4610929
4171359
2757669
5932321
9106851
3665050
9591581
569845
4442067
8894609
6522801
3310185
4163121
6865226
6147670
9462093
3132033
8725009
7346973
1629393
1572941
1333201
9895275
812241
2458201
96001
3390041
1476737
8268841
8908505
9193361
6043633
4782609
549569
1521171
7201097
5678313
1549121
9842659
8535873
4935765
7846841
1576867
6600769
6581361
2435128
5308401
5005925
1520129
8429669
7789889
8627421
7548417
7948064
9009243
4818839
7785025
182351
5974151
7791077
5822666
7501585
6208001
5224271
3742266
8498261
6469741
3658281
6579707
841597
3943493
2434061
9018597
5248941
334593
2819181
764161
8674105
19517
6923605
9755693
8677301
8147073
3623457
5950201
1969466
8426165
204477
5010161
1673001
1180389
8037299
4510476
9787591
7306673
3349401
3670951
1989001
2793449
6633996
3970005
301693
2045401
4001754
8768591
4109051
5571193
5526091
9165726
7944001
9377231
7333014
2492436
3922864
417546
5561641
9476385
4643941
3556751
9675713
9340179
8824097
669777
9402497
6728901
6022231
693025
5927306
2079433
3675241
623059
7242529
4720561
5859793
5128001
37354
3858447
7185881
5189781
186113
3993026
6955721
6640671
5153601
1326276
6807553
2922401
5235321
1023617
3516251
2729351
602329
2661961
4974771
6465717
4791881
14081
8728841
1333377
201723
6564726
320881
5540225
2282881
6258998
8435265
1890581
5757441
8957281
5137427
3788811
2022401
9907601
847546
5144461
3902620
7735946
6873457
4379336
2471881
3130576
7277501
71369
6342001
1100851
4304401
9986561
1333651
3033421
5285001
9492727
2982166
2994495
3981873
1710401
4339969
7646149
1043111
2389213
6015913
6112065
4835921
6074841
4785921
6315226
2977153
9054691
8176801
4757843
3547501
6081165
8937949
9701553
5785066
1483905
7185565
3181917
8709201
9331461
2419201
7457921
7901395
4220185
6060961
4656777
6858385
2361231
2207617
841547
5141401
3635265
6579601
7039911
5286381
2394721
9251761
7346577
412735
5544561
5740641
1597561
6367361
4229871
8313113
1427045
5432251
8455371
5168733
5741206
2801001
3799233
9130881
6644253
8436209
1579337
7724109
7495571
500851
2807297
4014001
8918401
2921121
31953
5140483
8439025
8750937
4706433
3927281
614749
4324449
4498491
6917761
9142139
2483888
6653057
7141301
5405421
3981489
6350617
7338181
7926961
8516055
5494151
9386559
7936897
8435073
5974681
192641
8360725
4980717
9761271
2646218
2448043
2909881
5595777
3844245
7750583
3118449
3046375
7070531
9330565
6720167
7989501
1503389
2969551
5924441
6708803
2256041
4116161
581721
2934921
3311608
9664945
1386625
8036353
891131
9079393
6843811
7100961
6409321
4776897
7351321
1317385
9789697
4262865
6117609
6954093
839601
7471566
8664523
8687865
4068651
4714520
5409045
4936411
5602581
9249311
884721
2703201
170037
1904385
1583749
684901
9026669
7505951
2047545
8409033
2168001
5888561
669633
16401
8966785
4002721
7406209
3160065
7292021
8053601
5851921
1908961
4917889
7040871
1064165
4443501
3162173
2701849
2307487
1825141
152017
7561581
7183416
230065
1798733
7150001
8784651
7310071
4922055
2165617
5923409
3896751
8245833
7264901
5514661
3926026
5185929
8449025
6304001
3681361
4975481
2271351
7028801
1655115
4464668
2550157
7323657
923713
3053161
1728246
6088951
2927057
7654817
1832961
3978566
997879
2941273
1655741
1203485
4626621
5279377
9491645
3039377
7691255
394070
1197441
5885357
2687501
3958001
9910463
675801
7440705
7963993
6776537
7882201
614781
7183873
1910601
8417058
5942129
2747469
9473951
6492671
9769656
161017
6200001
4196201
5028597
287253
8741045
5048481
1568511
2190777
7155681
1310641
4565789
4469785
8152001
4342739
748673
8944681
9192281
418862
3937668
2731399
2594833
9136617
3045601
2961
6844873
58521
3228070
6808775
2975105
5593601
543001
5746257
4969771
8753731
9013391
4805388
6380441
7180297
6402001
24357
2289073
2777037
8888545
2251785
213369
3512329
5564873
7443469
5621956
9732809
875193
9852001
8130273
2333601
4142289
2292396
9865937
8491137
2128601
7292203
1426617
1522641
2032491
8420399
6631849
8662651
9976149
2684781
4100051
6953441
3966161
3299271
7272325
5751993
4945935
3169673
9820001
5440001
9902173
2471187
369016
9385019
1337019
8137093
4511235
3722365
5461401
4757691
244667
9362001
3430501
3250861
5463441
2288001
9576171
1472881
8665946
3985985
3076351
374929
1417361
6847161
3572801
9711297
1075009
7988561
5403096
2390989
8432985
307141
7189426
9020351
8768721
7821029
9081729
9382893
6165625
5948993
8033701
1189401
9376061
3944076
1500481
4549569
3357241
4779649
7562529
8018135
85505
4596975
5492821
5538921
5211241
7769681
3702099
9266551
5949416
7072713
7073421
6312914
8223921
7393361
99969
3147881
3393501
5052097
8325751
6534257
8691266
2818670
445551
3218145
5882201
7068376
2590401
8163889
3848581
1480081
6612251
5631654
4628527
503893
539569
2590415
164751
9440427
2535346
5973570
9146619
1039041
5829051
2670081
5513857
9509721
5545001
451391
4347801
6406721
8730691
4103105
5536534
6604518
8384941
2966351
1007193
257479
4432397
6573205
3413041
645089
6663521
8745353
2394043
880841
1847561
165009
9268241
2609601
6320941
4996401
5137161
1826881
5966197
8792721
1890495
8745815
2063641
4913665
4989621
1049773
728553
3247801
9483101
4129573
8223241
8581761
6176273
3817261
6925601
6202265
5190758
2280471
2138481
8612661
9808001
4697789
200133
636761
7737053
4675673
953121
7939931
724376
9625729
1099681
1312259
9331823
3139887
1184866
7677761
4557505
2788501
8225945
4617489
3230337
6418237
6378141
5638225
7153281
8640033
7456021
1888149
1988695
8607921
579517
907521
2495313
6830529
6757417
4285041
6522926
9581229
9209345
7893309
5627303
2123003
2988393
7506697
829985
1666713
1525182
2909263
9026963
9840655
1491699
44461
8384331
8873674
5722201
3717561
2400481
7368897
281601
2579101
6666559
7200741
5046641
2890156
9995291
7134771
1978693
2892471
4708004
9925503
9951041
2360361
4707876
5044876
4540081
1967573
79521
8426177
5060801
8393537
5651321
27473
1519381
2515641
9146899
4950401
2471699
6749881
602001
3216135
2491105
5444973
1028761
445921
5122753
8707795
9924353
7062001
9362953
4064433
247361
4912691
6923281
6841537
7033706
8947466
2001597
7687841
5606711
2951041
5831868
7979881
7266677
8303505
4929921
9413793
316421
3289381
3763701
3238429
440671
816881
4232849
9641889
1266331
4314103
4192365
6634881
2945673
5660309
3125061
3850969
9735371
9799233
5313421
2093917
1407401
2631043
1911797
3874817
5323233
4571624
816299
6371729
447981
8284201
7348146
6097601
7499726
1738926
6018121
2706615
2453655
829889
3923653
1942857
9289101
5852441
1345231
5142197
7082055
4826601
8298521
9688736
145965
8995551
6358358
8204426
21141
3852063
9987608
4267409
6891153
6595761
5631505
9452389
1117937
1092967
4212169
2374694
8618413
2216001
7064801
8446231
7013633
5758463
4370469
4246691
5030543
9138429
7383457
2484097
6236641
3870856
5480801
8208780
8526471
2175951
4980949
3808365
6696149
3770015
2336457
2452681
7269451
1488410
7563799
3487001
8429793
1207449
125448
884063
9809965
7983301
4179065
6454209
4279956
1570774
6086901
9420001
7972001
1373351
7310969
493801
9396595
7750641
1646254
3019280
4635161
3148521
4221761
4042937
1929415
4633861
5498561
9462745
7380769
2392820
248891
8501057
8581761
5824275
4264113
7211401
8104389
3437785
7732031
8675649
6753611
4087953
2960793
2498081
1011698
2168401
5752791
5265481
9883541
8837817
1443357
4383696
6992893
2891301
9401461
3436453
8945711
7885245
334001
3824861
5877354
1252157
2247581
759975
2851465
8529939
8709067
6606361
5337501
9849370
5390326
9642881
7785741
5546101
5148681
3222665
1853809
5957851
1129353
3414501
3106881
9814949
8446289
8408769
4572797
4705175
3955805
6124401
4465001
2217761
7509725
132396
2928945
2753601
3554900
9593216
4044417
6224801
5910018
1622251
7700641
1923489
1851277
9559781
7550881
9045301
8399615
3337061
358585
6713167
6023297
4790481
3961771
9475977
1701266
2769121
8755459
8459259
8092489
561519
3354076
9829255
9798869
206230
4231681
5539029
7184665
2739755
6899217
6293121
2738445
8515601
6692481
7769013
5402680
6774679
5835901
7430581
4693441
5420713
2304001
1402065
9181289
6689833
305301
6332013
800033
6460951
1231391
5832251
8484417
6989809
3385537
6532748
7199163
9628377
8247591
4969377
8568489
7266401
7865350
1598617
742201
3731905
3923753
4956449
6722415
955733
3923905
1190401
2014721
9912569
8539469
1306089
2828661
1676801
1525051
4472949
6893841
6316181
9770626
8045496
5577397
3186518
2882001
4203401
1232455
7497702
2299137
57953
5939241
1904613
7591517
9461017
4660241
4845804
8628457
5450793
2124721
2775937
9772359
5551841
9160994
5108897
8850469
1794881
3321341
652561
9942886
8419201
2167817
8924845
5748385
6320021
1944865
2876851
4912409
8470134
6266817
1552501
6407103
3664167
7444801
4329809
7242253
4545153
6179621
7953673
2453126
2159291
9598001
1176756
6012561
3036865
1612837
6501419
7184801
4926941
2825601
8583833
6923153
2980961
3864321
5177765
1486449
9911287
4599613
4588721
614001
2540227
2297343
3690081
7520705
6397825
1419873
7525121
5389477
1730385
39193
3550761
557201
779329
6912017
4647076
7540361
3654034
898641
6594751
404793
461927
4780929
1419921
6241365
143417
4257172
5291751
4177538
3181937
9230315
8076981
3416107
5554409
395381
2896473
1897201
7622123
156833
4134777
4747457
9526241
2803861
2685654
6397341
9280387
1152401
3355575
1506201
8411729
826597
216087
3562081
1529265
6777383
8743791
2083851
9046961
6063041
8286665
8177801
8710219
1303383
6724096
8409201
1850627
5680065
9608049
1379721
9410951
6474408
4127547
7392595
1355461
3679801
582128
3725203
8201001
4825521
8720769
9525505
1559501
9222401
6406145
7584193
1226201
8233193
6917021
1005201
8909501
4777702
2702961
8537761
6841681
6952857
3950441
6156001
8993301
9352607
2306001
3864526
9990515
7522381
2626381
5584904
4606081
3214761
2059137
4638558
2161729
8665521
2363181
8014326
6799265
4136997
6925491
5900521
1808801
8109492
6121420
7683813
6714691
7085901
8717441
8622121
8792777
4171521
7850751
6267333
5138461
5726817
6224797
8012489
5663361
5948152
3322553
9724576
4756921
8106193
2706201
4508065
4264085
7200241
4530561
938125
9773177
8902841
5740801
1087055
7251501
5731537
794441
9012481
6179981
3232429
2951489
1863197
3757217
5589037
2954341
2097921
3701601
6422509
3846785
1118209
692673
4263965
6169601
103696
773761
123953
2637265
7308797
2839347
6671661
9669177
4953866
7447681
4926209
9925161
4753851
1988637
5805889
3014401
9712001
9741361
1738129
4468261
560301
94071
5781821
5867521
1475001
69301
8359641
3236876
5730525
528881
9582577
5794437
3341393
2437457
6371137
4203701
1978561
106163
5647531
4595797
7523281
6904151
9434433
2286601
3470081
9776001
1040001
3058881
6980721
4256126
6820181
1976481
2992319
9982517
9525601
2152001
6957547
1849205
1918126
3758641
6883697
4256413
5341891
2015601
4089481
8487557
2920311
7143133
5689313
505989
9543489
7015521
8770241
2790937
5150646
3382217
6862177
3028924
2096840
1948381
9652817
2583051
7121601
7915417
2262276
1316567
1059485
1224491
2672953
8842401
3162091
5074391
1244841
1007697
7713381
5109281
8906454
6941689
9984626
5994565
964151
5961697
3730348
1957785
2487543
6523101
9512519
4625811
1548921
7650449
2469572
5310937
8712001
35433
3340641
5214973
1153041
8271361
1239801
3807661
617313
2660393
9013351
3522931
4366466
9115165
7921761
3164337
7125889
5821577
4463895
4494735
9446241
6224082
937501
2466583
3614889
7642001
6243665
7501429
4181441
5734081
8125971
5297446
8750931
615329
3025731
6112351
1302201
8449976
9607853
1375153
1242127
6192001
7806289
4810161
4929601
8894551
2024001
2781825
5494993
2215876
4473461
2724209
9126842
7922317
1047747
1954081
7564801
6858221
9290886
9423281
4288465
7977345
8443457
9121025
7380205
543601
5953341
1972665
1938729
9743739
83225
6875511
4955201
1667789
3907041
6362511
8014641
1551841
4402841
942681
5127997
9104039
3395201
4785129
4251826
3812013
6028289
5159711
2570624
4033726
317516
9697273
6708061
1605547
6714705
8270017
1524481
7853076
7200515
2333697
4204697
6407781
6233025
2802691
4207889
94021
2596721
1900859
7699027
9206151
9258001
1688091
4250221
6566881
6464521
1901641
8089617
5382529
9722413
4001306
6596401
7068951
7719762
1125361
4687021
7978321
4075521
5366977
6114759
7364780
7682028
3999876
8425470
6049281
2666271
9383041
7839825
5576701
9752457
1045263
7992751
9166977
4416301
7702561
4030041
824153
8191317
1531501
1333905
5461316
5313329
6587469
9403751
9418851
1807001
2822521
7014629
4546796
6252721
7476021
8329311
634854
8195651
4139681
7224241
6638833
2431822
4541938
6119433
2395649
694147
4440977
9764048
1948318
7409501
657165
253321
8912009
1279277
4878420
2943733
6434895
3098973
6556833
4159887
6399943
6241669
9330081
8051549
8434305
6817865
5543571
1006216
3120712
6171735
8171001
5134201
1267449
6861216
7448953
4173501
2116597
9171701
6607561
3687505
8672469
257409
7632801
3907276
6075158
5245401
592313
2173289
1648513
1393001
1647121
4856269
2518801
1028649
7205601
8506681
9469321
6976421
2207537
6474497
8328092
8120817
6908273
2861057
1216181
2134441
6460581
8318174
6288180
566001
8441129
9109121
2427817
2337941
6718001
9170237
1429561
5675875
171325
5648333
5112001
3261921
3332976
2310033
2924621
4338001
8598017
2140881
446350
7045041
1256351
7794419
6517081
2187265
9102881
9664027
1423681
6001215
4608333
6501969
4932611
6967975
9272605
6267363
2081251
8129505
8129703
6933449
5995593
8409501
9843769
1252109
3251921
5650713
2737065
4880401
8286327
6781473
2040169
5312305
1033721
5484176
3438701
8631039
3893745
3817381
6419951
1002197
5698833
4374977
6140161
7289601
8608762
4652161
7182401
206755
5018625
894737
1994421
7945041
127201
906741
5996367
625657
9867101
9070301
2317489
9693889
4059741
4879917
6867601
9983227
1583355
3922601
9203984
1645201
7044895
4265601
6767947
3112401
2512801
2774441
4527201
2680041
9583228
1587891
6079361
3932805
2421817
4259641
3418481
8263197
6322911
3218205
729801
9132101
8244981
9790401
4480225
2347301
3766297
4059073
8785863
157619
9584161
4368485
2139701
7087401
9902931
4744621
1272143
1573501
5749291
3525537
862545
9469669
2001145
6311051
689299
6494905
2869579
2631001
1290515
9475569
9529857
6913241
9159561
6594731
3036289
9303793
1502181
7014317
5941736
2548775
3233355
4138347
3947777
9609051
5325457
7116161
4559655
7443801
1418003
9501985
6210049
9052391
6557563
1238049
292801
1031509
7163521
2072643
304001
4417601
556845
7928501
5513801
8351459
4437235
3140091
781561
8469913
8828501
9765121
3891361
4441697
9994539
7695401
8051811
6132381
5804721
9902662
6200949
8163431
3755441
4926833
2431041
4446401
9933344
2705449
6374341
8035969
5144449
5950809
1463738
7733163
4492661
2670161
417396
6296529
2800865
7146401
6758876
253481
6719881
7617668
7161601
4722281
3421097
1188152
5400161
6771407
6376321
6831961
428481
2482721
1091876
9681353
2838269
103409
7937921
1743937
7357967
5492849
2600127
2960333
9099553
3718521
6376021
1840609
8345537
4613301
2727219
8862976
2807081
8151001
4149083
453673
2597621
1098251
9441449
6070549
7847475
5830133
561626
7403709
5200529
6828161
3063905
5670001
649506
5778817
5680601
4362376
8748723
1789346
8272897
7726001
8027360
4746257
1081689
7692041
81601
2180401
9180221
5188057
3164369
2592231
8641537
6455991
5857665
6579201
5291005
134058
8690001
7738431
4967697
6672705
7825857
1733456
412817
2005185
1467013
4458031
5260497
3037521
4673231
8786657
7871576
89771
5651213
2044373
5884114
2759681
8938526
6187029
1517026
7478821
17751
9644801
8859345
7260481
6922265
6946305
9085111
9617521
6497521
6963656
1056379
5641481
9849737
7486001
6303002
9582416
8324839
3137626
6359079
4307521
3442001
4875977
6564841
6117061
584001
3412801
737306
4231321
98041
7500833
7791297
6152577
9289573
399361
1810881
1444641
7842051
4396777
919937
6215301
2629501
4693489
184751
9899713
5460353
1070109
9567961
7540001
1166661
921057
9882137
9290241
6267233
3548028
7542321
5997837
6632035
2978961
7644481
1560001
6186833
8484001
3669801
2250274
9890436
9248725
7455291
5458431
4999009
9535601
6849793
5590497
9216169
9624821
7280597
8138687
9294001
364011
5405376
7482526
912972
3219163
5766017
4782593
4614689
775361
7443561
9762863
2881201
3141661
2592461
8700017
7077177
1138121
5275004
5083121
4942033
3643201
8052966
6437261
7823538
7382313
6228291
1273451
3185540
2651863
9194466
5971779
4090817
3700241
1128297
1368481
2405841
69297
8654051
403273
5945087
9867137
7296101
2927041
6216321
1709888
7598941
8258975
8879041
7294401
460896
8742597
3816947
6079364
7785945
1260897
5438977
6609921
9883686
4020777
1708513
2949505
4612044
1205871
472667
355681
7472071
9697101
9574469
1225713
2516545
3262001
1828273
423751
6299831
7656601
7417985
6912401
5652672
792651
950785
9824598
2895013
9722972
1445801
5229163
4352641
1161446
6279281
2082433
797601
9850801
2195321
8102201
1464981
6561171
3035937
6912249
3564281
4317906
2973233
5308661
1066177
4061341
1095665
3465251
5056226
8494359
1740801
1909537
6367481
6550321
9648457
1918881
9313741
3143201
874161
6348800
2406196
2527899
1171071
2334584
6923101
637209
9366801
774009
9412345
5689086
2939121
4811521
240897
8227201
6856461
7159705
3173401
3362501
2967493
5160311
3600661
1500492
6521951
6918866
2546001
3250993
5451801
6845641
5586121
7746741
3196001
6921473
1497569
2596305
1681597
4382433
2679259
2090924
7499469
4066365
7860371
1560765
3452528
660326
2996481
7008001
1148353
5281451
9351201
9850150
9820401
1090437
6958992
4153950
66731
8244176
7564561
2541509
7615251
2541546
6531621
3245002
7865333
7393771
7087951
3707421
8116289
1143933
4896481
2806141
2438722
7778329
9567701
9420151
1919351
1392225
6612961
3409493
83025
5898961
105801
5613823
7849669
7756105
7063041
9554261
8727730
4486227
2920121
5379280
7809281
2095647
3248635
1046197
8720445
8416233
326401
2927201
9344705
9523377
988801
4467071
9882273
5881729
3079081
281761
6775210
5515196
1498109
8175645
8458256
6427809
967225
4858331
4513301
9589648
745751
6618225
8461821
768897
4028673
2441985
3521843
4387247
7044143
6527329
362817
4457126
6285365
3949526
5118481
7081893
3316137
5865581
7437037
3737857
1395421
9457561
5162341
8482269
3794733
6356577
1059513
1988161
4889433
133039
8996283
7140441
7844583
9727451
687669
1654953
3613386
2920876
9609433
7346300
4324142
9664489
3535276
9090041
1831553
524851
546101
6711491
2134249
1055489
6006753
8350886
2167483
4677158
708701
398283
2278787
784161
153501
1385201
1935709
2539147
4689404
4791346
6055937
4367681
8120001
612921
1641535
6505841
7193961
8703297
4065831
5583275
1253391
29641
1243829
5022561
6656231
1236293
3779329
967161
1155109
1009523
8412649
2097795
3699481
9785561
481441
6486001
1898183
4298985
6569201
4849593
6410781
3355009
1921665
3015217
6366481
8777364
2404993
2023603
8279971
2944733
6174789
4919265
6297201
6703109
624541
4408039
5486591
3297821
5426191
1532417
2726576
6692419
8429410
5669337
8489505
8893543
2789401
3004386
9687777
2921751
1082351
8022881
5191201
3681987
3317857
2512385
282803
8275501
2957185
3936009
7246243
7248081
781001
1448957
9159501
6877044
6539969
4893665
8454951
4680001
5342675
8369259
9654401
5576321
1383817
9913517
4664051
8552353
7201365
3608228
904934
5422461
6372941
7962281
5773776
1841951
748849
4740301
5921281
835221
873281
4848534
4611337
2662681
7453068
3721901
2438657
6451285
2953601
8697901
4793341
3118087
6799405
1177801
4888321
2153901
3302121
101455
2845529
6116417
50001
3917579
4478140
3866121
9382601
7287801
6875577
7061835
510521
7337345
5803889
5141201
6664685
7197697
8983301
1602561
9639681
1636501
3528501
1106051
4752658
8000901
3621081
1760871
2942093
6214277
2675041
163025
3458711
8110953
1589677
911321
7841626
1773965
1689113
8677081
7963941
8556526
4662169
4779301
4098323
4576561
6749825
7683537
7481377
1127531
7719046
2666621
