5401
3485
5775
781
1574
2191
3466
4811
3485
3031
3485
4728
781
3220
3485
3485
3485
2972
781
1874
3485
4728
3485
5309
3485
2988
3485
5041
3485
4290
5790
4364
3485
3485
3485
781
781
3485
5613
3485
1360
3485
5648
4728
4728
1236
4728
781
3485
4467
4728
4728
2185
3485
5219
3485
1707
4728
781
4728
1473
3485
2205
3475
4728
3113
5782
4728
1486
4017
1432
3485
3485
2205
2205
2205
2205
4856
1157
3485
781
2205
4728
781
3485
4476
5044
5805
4728
781
3485
1523
2205
5679
3485
3485
781
781
4104
3966
3243
2645
2205
2205
4728
2492
5043
3485
5020
3485
781
2205
4728
2205
3485
3485
3485
3912
4728
3485
2205
2782
781
3485
2205
4280
3485
5586
4760
2205
3485
3485
1381
3017
781
3243
4728
4103
3485
4728
5377
4717
1394
2534
4728
4728
4946
3485
1789
2205
3485
4150
1591
781
781
3681
5281
3100
3485
5483
2205
3485
3485
1124
4145
4728
3485
2366
3485
2205
2205
3485
2205
3437
2205
2205
4728
2205
781
1575
3485
4440
1666
5496
781
4942
3485
3102
3485
4728
3485
3485
4334
5438
3562
2205
3485
781
2205
5325
2767
3485
4728
2205
4404
3485
2917
3485
3373
781
781
3485
4728
3485
3485
4728
781
3485
1103
1271
781
3485
3856
781
3485
3485
2205
781
2810
2577
2593
781
781
303
4728
5867
4635
1054
3372
1187
3485
3485
4728
3485
4922
781
2205
2054
3485
1031
4492
781
781
3133
4364
4728
4555
3485
4728
781
1962
4770
1774
4728
2487
4967
4494
2205
3485
3485
3485
2205
4728
4795
3485
1384
2205
3791
2205
800
781
4728
3049
1879
2640
3485
4728
2692
3393
2062
2442
5288
2760
3485
3485
3485
3485
3485
5703
2597
2731
2112
781
4730
3485
1201
2205
3485
3485
3485
4021
3485
1002
3485
2205
2794
5897
4728
852
2403
3485
1755
4728
3151
3485
1905
4487
2614
4166
1630
4728
3079
3931
4485
4728
5810
3485
3005
1836
3485
3485
4199
5651
3485
1970
2205
3485
2205
781
3485
2559
1579
3485
781
3485
4062
3485
4728
781
2953
3895
2205
3485
5932
4728
3590
3595
3418
781
5506
4728
2796
3196
4728
781
3485
1649
3751
3105
4728
781
3485
2248
930
1756
2673
4361
3205
781
1832
2205
2314
4728
3485
3485
1271
4728
2205
2422
3407
3485
2205
3485
2205
630
2014
3485
1329
781
3567
781
4728
781
5689
3765
1101
3485
2205
3485
2748
2725
2781
3485
1132
3485
3485
3485
3485
1123
4684
3485
3861
3485
2713
3485
3257
781
2205
4728
3485
1634
2205
1820
3485
3485
5694
2081
781
3485
4728
4422
2205
2205
2755
2205
1675
4728
2694
5790
781
1796
5844
4728
4728
1320
3485
3485
3485
3452
2000
3485
781
2205
5865
2365
2205
4437
3485
3485
3143
5037
781
5599
3485
3211
2205
5477
3510
3485
3857
3485
2205
4728
781
3485
4159
3485
3485
3485
3485
4069
3485
2182
4899
2815
4728
4728
2065
2619
781
3485
5387
4152
4728
3485
4154
3485
4846
5171
3485
3485
1226
3485
5106
5017
4728
1545
2009
2956
781
1938
3485
3485
3905
781
4358
781
4418
3832
3485
4728
3485
3471
5162
5050
5932
4728
2805
5787
3485
4728
4728
4312
2383
3485
4356
5510
4554
2132
3485
4507
4728
3691
4216
3687
1996
1075
781
3485
5849
781
3485
1564
3485
427
3485
3485
2205
3163
3485
4229
2205
781
4728
2205
3485
1847
1919
2545
3485
4728
3485
3485
3485
2941
2839
4477
5889
4728
3485
3485
2594
3776
3485
2205
3485
781
2917
3485
5399
3485
2205
2205
4196
2183
1772
1640
3485
5786
3485
3485
2025
3485
3485
2928
781
2205
5605
781
2205
3485
3485
3238
3485
4728
3485
781
3485
2225
5162
3485
781
3485
3456
4913
2204
4728
3485
781
3485
3485
2205
3485
4728
788
781
1938
3485
4268
3485
2565
3485
3485
2669
3485
781
4238
3485
5828
5810
4728
2205
3485
781
4839
2702
3485
1147
4728
3485
3485
3533
2205
3485
3485
3485
2205
3485
3993
3376
4497
4728
4728
2546
3302
4956
4728
1531
3485
3485
3485
4882
781
5002
3690
3122
2031
781
3485
3376
2205
2205
4728
2205
2142
3541
3485
4728
3485
4728
3485
1365
5014
3485
1225
781
2733
4075
3486
2205
3485
3485
3068
3485
2984
4728
2205
3485
3485
3255
3485
781
3750
781
4621
3485
5542
1101
3485
4728
5466
2601
4911
4358
1623
1320
3485
4161
1966
3081
3485
2205
3485
3485
4728
781
4728
4728
781
3485
2001
4115
4245
781
4728
981
3485
781
3485
2205
2205
630
4728
4788
1094
4728
2917
1266
781
3485
2205
3549
2054
3485
5396
3904
3485
2998
3485
3485
781
4728
4728
5422
3485
895
4728
3485
3485
781
3485
781
4728
781
4728
4728
2205
781
781
2205
3485
5205
3485
3737
781
4065
3485
3485
3990
2278
2917
3730
3147
781
4728
3485
3485
3485
2205
4728
2884
2205
4728
2220
3485
3361
4728
1935
3485
3485
4728
3485
3485
4823
3485
3485
5041
4728
4898
5924
3485
3485
5785
2205
3485
3485
971
4728
4728
3485
4728
3485
1246
2205
3081
4728
2205
4996
4198
2205
3485
2092
4498
3485
781
4728
1682
3485
4728
3485
2504
3195
2725
1870
3485
5849
781
1266
2205
5347
2791
5091
2205
2371
3485
4308
2777
4734
3485
4728
2988
781
5001
948
3485
4728
4728
781
4728
3485
4728
3771
4687
3485
3485
3485
1914
5715
3485
2205
1518
5455
4728
4464
781
3485
2205
3485
4728
3485
4728
2205
3058
3485
5456
2205
3485
4728
4728
4728
1378
5162
1522
3904
3485
2205
4251
1273
1564
1387
3485
2205
4418
4424
3485
3485
1744
3485
5055
2205
3485
2205
4521
3485
781
1240
2205
1356
781
2477
3485
4728
781
4467
2205
2885
781
4049
4413
2205
4589
781
3691
5163
4728
3485
4728
3485
2523
4033
5000
3485
2205
2017
2205
2205
3485
2205
1808
781
4728
964
781
5905
2205
5208
3485
3485
3485
3485
3485
943
3485
1359
5413
1990
4521
2812
2205
3485
4728
2391
3779
2205
3862
3485
2365
3485
3485
1595
3485
3485
3485
5943
4728
3547
4814
4584
791
3485
1782
4728
4863
781
3485
258
3485
5044
781
5773
4401
4815
3485
781
1221
3202
3485
2921
4728
4742
2205
4728
4434
3485
3179
3485
2720
5063
5573
3485
3485
3485
3485
781
4259
3485
990
788
3485
2186
3485
1281
3485
781
4559
2205
1623
3485
3485
2978
1378
4209
3485
781
3485
4728
4172
1246
781
5726
3485
4049
4728
3485
1629
3916
3109
781
2205
3485
1371
4728
781
3485
3485
781
2205
2315
4728
2205
3485
3894
3485
4326
3485
2594
781
4728
3485
2205
3485
3886
3485
781
4728
3485
3485
4728
4728
1984
4728
3485
3485
1919
3485
5330
3485
3485
3485
3485
3485
2302
3485
1820
781
3485
113
2205
3485
4536
2205
4972
781
3485
3269
1582
5313
2205
1004
3485
5469
781
5748
4575
3485
475
4728
1671
2205
3376
3485
3485
3485
3541
3485
5057
2205
3485
5927
2205
4728
113
1812
781
3079
4472
3485
3485
2205
781
3485
781
4728
781
3509
4803
2507
3485
2205
3485
4939
3485
781
3485
4616
3485
4755
3485
3485
4728
2205
630
5118
3485
3485
5234
3485
4728
781
4728
4266
4374
5347
4370
3485
4277
5130
3485
3485
3485
5574
2096
781
1418
4893
3485
3485
3485
2874
781
3485
5919
4728
3485
2170
3485
3485
3485
3485
3485
3950
3485
5371
4728
1194
4728
1679
4408
3485
2848
1311
4742
3485
3988
3258
2521
2630
4151
4136
3485
5927
781
2205
1019
3485
5011
4728
3485
3485
4522
4223
2838
3444
3485
3485
1663
2205
3485
3485
5483
1184
2348
1910
4728
3485
3673
3485
1574
5567
2205
781
4728
3774
3485
5033
3485
3485
3485
1197
4064
3485
781
3485
781
3485
3485
3485
1482
3485
3485
781
4728
2205
5733
3485
2205
781
3485
2348
4247
4728
2150
1069
3485
3485
4966
781
5544
3485
2188
2905
3485
3485
3485
3485
3269
3485
2754
3545
3485
3485
4589
2205
2205
5910
2205
5009
4728
4758
3485
4811
781
4728
3423
2205
4742
4728
3485
3485
4878
3485
3485
781
2205
4728
4418
4928
3485
4728
3485
3348
4728
781
154
2925
3485
3485
568
4814
4627
2205
3485
2229
3932
781
3485
5465
1910
3485
3485
781
3485
1260
3485
781
3485
3485
4521
2205
3485
4294
3485
3485
2214
4728
4369
781
2036
630
3485
3485
4177
3485
781
3485
3485
1890
2205
3485
2302
4188
4869
781
1595
4728
781
1259
3485
3485
3602
781
3485
3285
2205
781
3242
4305
5272
3485
2205
2205
1381
2205
4728
4245
3485
3485
4728
1194
3485
2492
781
1807
781
3238
3485
3485
3485
3485
4113
2205
3485
2205
3485
3485
781
5710
5842
2205
4938
2170
4728
781
1234
3485
4799
5438
781
2205
2212
3485
3485
3322
3347
3485
1187
4728
1631
781
3485
286
4590
3485
1966
3485
781
2583
4439
3485
2736
4728
2460
3485
1812
5543
4728
3485
3485
3932
5953
781
3485
3485
3485
2529
1185
1094
2019
3485
853
4728
3485
4728
4728
4893
3485
3485
4728
1790
3485
781
4728
3711
2612
5599
4728
475
4728
2205
1467
4833
3485
3485
3485
3322
5774
2441
3483
4728
781
2205
3740
3485
2205
3035
5271
4728
3485
781
2205
2205
4074
3500
4728
2588
781
5812
1198
4728
4728
4406
2205
3478
3485
4918
4102
1575
3038
5359
5285
4728
2205
3485
3235
2337
2205
781
4437
781
3485
3439
3121
4728
3485
3225
3485
4094
781
3485
4499
2239
5947
2287
1974
3485
4867
2205
5306
3485
2205
3485
3485
2205
3485
3485
2205
1631
4728
3785
781
4728
2205
1195
4728
781
2585
4749
5025
2205
3485
1083
1973
3019
2253
4728
4728
4728
3485
3655
3485
4544
1785
815
3485
4728
3485
3485
113
2684
1320
4971
1778
2205
475
781
4728
5858
4728
4201
781
781
4268
3485
4728
2205
2942
4857
3485
2728
2205
2205
3485
2205
2205
4728
3485
781
4337
968
4728
3485
3485
2114
4278
4367
4245
1400
3485
2205
3485
781
3042
4645
3485
5365
4247
3485
5282
4728
2205
1973
3238
5763
2413
4728
3485
4354
3485
1986
3485
2205
920
4364
781
2205
3485
3485
4728
781
2719
1355
781
3485
4728
3485
3317
1101
3485
5804
5725
781
3485
3961
3485
4728
3485
3457
2840
3485
3485
3485
3094
3485
3485
3485
475
2205
2205
4253
3485
1826
4728
2510
3485
4767
4728
3485
2082
781
4206
1564
4728
1127
4093
3456
5014
5249
4965
781
2705
3485
1313
2157
4987
2316
781
2428
4728
2205
5573
781
3836
3485
3485
3485
3485
3485
3485
4728
3485
3485
2205
4128
3485
2713
4609
2205
5424
3485
2205
4728
2578
4668
2429
303
3485
3485
3485
4635
4579
3504
2210
4728
4728
4728
1023
5402
2205
4564
2205
4728
3485
3485
3485
4983
4728
2205
4245
4728
3485
2205
3158
2205
3485
3485
2523
4566
3157
2420
781
3485
781
3485
2205
781
3485
3409
4728
4728
4728
3485
3485
4724
4728
5060
3485
1081
781
5595
3485
3485
3485
5202
3485
781
781
3485
5654
1871
3485
3485
781
781
4492
3485
1861
3600
3614
2375
3485
2205
3999
2205
3485
4586
3485
3485
5502
3485
3485
2205
5226
4009
2205
3485
4485
3485
3485
5456
5309
4368
5335
2205
4222
781
3675
1993
5468
3485
3485
3485
2205
4886
2205
4463
1938
3485
3485
4728
3485
1279
1253
2914
3485
3485
5186
5682
1558
1071
781
781
5309
4195
3319
3485
3485
2205
5020
2672
4728
3485
3485
5818
3860
3485
988
3485
3485
781
2130
4728
3485
2205
4341
4589
3827
4309
3485
3485
5271
4728
4728
2898
3901
2205
3485
2845
3485
4125
2205
4728
3485
4728
4728
1539
5568
3485
781
5604
3485
3485
4938
4728
3322
781
5844
2205
3485
3900
1978
2575
781
2205
3485
3722
3485
3485
3832
4697
5320
4165
1682
3333
5063
4730
781
1965
3485
781
3485
5304
4728
3485
2964
4728
5866
4728
5072
3485
3485
3485
4728
4728
2205
3485
4445
3485
4515
2440
4728
4049
2212
4374
4728
2205
4728
5411
3485
5609
781
3485
3485
3485
1747
3485
3485
3485
3485
3485
3485
2625
2205
2681
3485
4001
781
3485
4161
781
1045
3485
3485
1781
3485
2205
3485
2840
5239
4728
3485
1175
5323
5263
781
2205
4728
781
4464
781
4382
3485
4104
1917
781
3485
3485
781
3706
3485
5061
3485
3863
3485
3485
3110
3485
5430
1410
2205
2091
1765
781
4893
781
1032
2205
3485
4728
3421
3485
3485
781
3485
3371
1314
5523
3370
5037
5491
2299
3485
3485
3485
2205
3485
3485
1864
475
4510
2205
5625
2205
3101
3485
4728
3485
3485
2205
3485
3485
3485
3485
781
3190
2205
781
5363
781
3485
3485
3485
3322
3485
3485
2205
3427
475
4728
4869
4288
3485
4728
4728
5719
4513
2675
3258
3485
5107
2205
5038
3749
1521
5189
3485
781
3485
4232
3913
3485
475
4728
531
3485
2205
4300
3485
1045
3844
781
3206
3485
4728
303
1466
3485
3485
3485
3485
781
4971
1488
3485
2205
781
4728
4326
4728
4028
2205
2205
781
2205
3485
3485
998
781
3485
4728
2205
781
2205
2549
4728
1184
3663
2205
3916
4352
5495
3485
3485
3012
4728
3087
2205
3485
781
781
3485
5636
127
2205
4728
3485
3366
781
781
2905
3786
3442
3485
2718
4728
4728
5741
4728
781
4728
3485
2928
2205
2205
781
3485
781
3485
3485
2562
2951
2205
2205
3607
3844
3485
1478
2205
3485
781
3485
5519
4728
3485
1095
5694
4728
2205
3485
2530
4877
4728
2205
2205
5550
2205
2205
4988
5090
2205
3485
2397
3485
2205
2762
1977
3485
3485
4728
3485
3485
291
3485
3485
4728
3485
1205
781
781
4595
1604
3485
2094
2936
2205
3275
2767
4728
3485
1248
3371
2822
2666
3485
3028
3485
1915
781
3485
4728
4724
2898
3485
4696
781
3485
3485
1827
3485
3461
3485
3485
2708
2205
303
2144
1293
2876
2232
1915
3485
5815
1026
3485
3485
3729
4063
3161
781
3485
4495
1955
2205
3485
2205
3815
2946
3485
3485
3485
3261
2205
3178
3485
1084
4566
1371
3485
2205
3485
5282
3485
3485
3485
3485
555
3485
5699
3485
1071
2992
3485
3932
2205
3485
3485
4787
781
3485
3789
4728
2205
4728
1060
3485
2205
3485
2182
3485
3485
475
4767
781
3485
3779
2286
3485
5866
3485
2205
4728
3485
3485
4903
3485
2276
4728
2471
5249
2205
4701
3485
4645
5133
3485
4728
4095
3547
5705
2054
5477
2522
2205
4728
3344
4939
1688
3485
4611
2986
2226
3485
2205
2205
3485
781
2314
4728
2861
2021
1826
3485
1743
3485
1905
4582
4439
3392
2626
3485
3485
4728
3485
3407
3527
4661
2205
4728
1909
781
3485
3485
781
3277
3485
2205
4728
1767
3366
3485
4728
3485
3485
4728
3485
4066
781
4407
1416
3485
2070
781
3927
1420
4728
5110
5334
3485
2205
3485
2556
2205
3485
3485
4728
4728
4728
3485
781
2308
781
781
5448
2170
4728
5338
3485
3485
3485
4728
3485
4476
781
2205
4728
3255
4857
5804
781
3178
4875
2205
1359
2205
1993
3485
4199
3485
4109
5069
781
927
3485
4728
3485
3485
4221
3030
2863
3485
3485
3081
781
3485
3733
4728
4728
2972
3084
3485
3485
781
3485
2907
781
792
5359
3485
4728
3485
2863
2917
3485
2205
2205
781
4728
4043
2205
2205
3860
4728
2205
3485
5306
3485
3485
781
5024
3485
3202
2066
3485
3485
781
781
3485
3485
781
5063
4605
781
4849
4730
4802
5455
2809
781
3485
4728
781
3109
781
2205
2205
2205
5718
3485
4975
3166
1808
3485
886
3485
1279
2205
4728
3485
2205
4553
1460
1303
781
1957
3663
3485
3485
2205
4691
3485
4536
2338
3485
2360
2205
5105
3485
4953
3485
4728
4632
3485
2205
3485
859
5948
3147
3485
1060
4728
4318
4728
5354
3485
3485
1071
3238
2205
1824
3485
5002
2205
4728
3485
3317
3731
3485
2205
2205
2321
3485
2205
781
3485
5842
2323
1993
3485
2205
880
5455
3485
5167
3485
5526
3485
3485
3518
4328
5276
4728
3485
2435
3485
3485
781
3485
3485
2205
781
2122
4728
3253
3591
5134
4728
3485
3485
3485
3485
3485
5350
3485
1721
997
3485
5783
3485
4728
1266
5231
781
1846
294
4728
3485
3485
3485
1357
781
2205
4728
3862
3485
1668
2205
2205
3485
3485
3485
4128
3485
2524
3485
2205
4521
2205
4585
3485
3485
2903
4728
5125
2312
3344
3485
1059
5030
2568
3485
3485
2205
781
3562
3485
3485
3485
4728
4728
4728
3737
781
2575
3485
4728
3485
4728
2391
2485
781
2205
3485
1491
4728
4728
4728
4467
4728
3485
2205
3485
3202
3485
5301
3485
5616
781
1608
2205
4728
2205
781
4215
4728
3485
781
4099
3485
2498
3350
1661
1826
1623
3485
3485
781
5550
4640
3485
2205
3325
3485
4728
4728
4728
5586
2620
3485
5839
3485
3485
4728
4728
4728
829
1671
3485
4728
3485
1104
2205
4867
3485
3485
3485
3485
4728
3485
3485
3485
3485
3485
5392
3485
3500
3485
3485
781
3485
3325
3182
4885
1623
3961
5482
2205
3485
3621
2652
5007
3485
4388
3485
2046
2205
3485
3485
5501
4325
4728
2453
3485
2977
3485
3485
4728
4964
3371
4331
3485
4728
3485
2205
5309
4728
781
4728
2810
4728
3485
3485
3485
3485
3485
2205
2205
3485
2917
3485
3485
3485
781
1636
3485
3485
4728
3551
2205
3485
2972
781
4728
2627
1828
1224
3485
5877
3485
3485
5890
2205
5179
3485
3485
4728
1714
3485
4140
4728
781
2054
4154
781
2415
3485
4728
5897
3485
3485
781
4728
851
3021
5585
4728
3485
3192
3485
113
1988
3485
3485
5695
5485
3485
2431
3485
3485
2205
781
781
781
3485
5140
2205
3485
1747
4728
3485
4728
781
781
1367
3485
781
3235
2205
4324
4728
4728
781
2205
781
781
3485
781
3485
4320
2205
1579
3218
4629
3485
3587
781
3485
1962
3485
781
3485
4425
2498
3485
3485
4071
4482
4728
2205
3485
3485
3485
3817
3485
3032
5351
5466
4612
4728
2205
2205
3934
1105
3643
3485
2205
3485
781
4948
630
3485
3485
2205
3485
1312
2511
3485
3485
781
3485
5734
1320
3485
4728
3422
2575
3485
2725
3485
2205
1556
4728
5063
5322
4729
2205
4728
3485
781
781
4367
1320
3485
1182
3485
781
4728
781
781
2943
2205
4728
2205
4728
781
3485
3485
5163
3485
1352
4206
2205
2203
2155
3485
1132
3485
4728
3485
4232
1181
781
3485
4728
781
3485
3485
2828
5151
4021
2205
781
1870
2796
3485
3485
3485
3545
781
3442
4115
3485
1973
781
4986
2205
4728
3379
4461
4286
2205
3485
3485
2205
4728
2314
2205
4728
2205
1105
3485
4536
2205
2205
4728
4728
5355
4728
3485
781
3485
781
3485
2205
2205
4728
1785
3485
781
1429
2205
3485
3485
3485
3485
1527
1218
1869
2205
1376
1602
4352
3485
2205
3485
1984
4728
830
2205
3737
2205
3485
3308
3485
3485
4728
2205
4728
3485
2556
3485
2205
5263
3485
3485
5069
3485
3485
781
2205
2964
5727
4597
4728
3344
3485
3147
4728
3485
3485
4955
781
1232
5097
1250
3485
4728
3485
781
781
4072
5366
3485
3485
3208
3485
4728
4170
3485
2205
3485
781
3485
1313
4728
3485
1531
5547
3485
3485
4728
2205
4414
5558
4728
4728
4814
4782
2205
4728
3485
1537
5486
3388
3051
3485
5379
3485
3322
5619
3485
3485
3485
781
3485
781
3485
3485
3101
2126
1562
2352
3485
781
3485
4343
3485
3485
2205
2205
3485
781
3485
3485
3485
3485
3145
3485
781
2205
3485
3045
4728
3485
3485
2205
3485
1722
3485
2120
2669
3485
781
2205
5556
4728
4728
4728
2205
1452
2205
2708
4728
3485
3485
3485
2323
3485
4728
4728
3810
3485
3485
5931
3831
2041
180
3485
781
3485
781
3485
3485
3485
4728
4117
1147
2205
3756
2205
2982
5777
5849
3485
3485
2266
2416
5368
3485
3485
4123
4728
781
5862
1679
2694
2205
2205
3485
3485
4728
4728
3485
3974
4691
3485
3379
1272
2153
4098
781
3485
781
5845
3485
5019
3485
4510
4728
3559
5393
4232
3695
3485
3485
3485
3485
1205
781
3485
4395
781
3485
4728
2205
781
2241
3485
5571
3485
2205
3485
2986
3143
2205
3485
781
4728
851
3492
781
781
3485
1598
3432
3715
3485
1804
4575
781
5796
3485
3485
3444
3451
3038
781
2205
3485
2982
2205
5251
3485
2205
1714
3485
4408
4939
3485
2986
3485
3485
4728
3485
781
1848
3485
3737
781
5689
2205
3485
3485
3485
3485
2105
1965
5072
980
2205
3485
3488
2205
781
4728
1816
4576
4812
1450
4728
657
113
3648
781
1640
3485
3485
5635
4534
3485
3485
3881
781
2761
3927
5008
3485
2672
3485
5156
2331
3485
4568
3485
2312
4728
4728
3964
2559
2498
5581
1964
4125
2846
2897
3747
3485
2205
4728
4728
3485
2205
3485
781
4728
781
4228
3485
781
3926
3485
5695
3485
1971
3774
3485
781
3485
2205
2205
3485
4728
4728
3485
2205
781
3471
4991
3485
2205
2205
1152
5162
4728
3485
3485
781
3485
3485
781
3485
5947
4728
3822
1927
1386
3485
781
3485
3485
3485
3485
3485
2205
4866
2205
2205
3485
2620
2205
3485
4421
3485
4728
3544
4728
4067
3989
3675
5336
3485
4970
4977
5552
781
3485
3485
3523
2205
3870
3485
2504
3485
2424
3485
781
3664
3485
3971
5482
781
4728
1071
781
781
5348
2205
3485
4728
4224
3485
3544
2205
3485
781
4728
2205
3485
3485
4728
3485
4843
2205
3485
3485
3230
4678
2137
2897
1038
3485
3485
3485
3485
3485
3485
5853
3485
2205
3485
2205
644
3485
781
2763
3485
5945
3485
2205
4461
2763
5910
781
3747
3485
1122
2205
1653
781
3485
3485
3174
877
1955
781
5894
3485
1646
1562
781
1333
2205
1569
3317
781
2205
4290
5335
5895
781
3485
781
3485
5543
1071
2713
1715
3485
3485
3662
2205
781
964
4728
781
781
781
5856
1762
2103
3485
4728
3485
3485
3713
4728
5712
781
2205
5602
4728
1899
2205
5249
3485
3044
3485
2810
3017
3485
3803
4728
3485
4728
3485
4534
5151
3485
5333
3485
4728
5270
781
4214
3485
3485
3485
2205
4423
3485
4728
3485
2205
1147
4599
3485
3456
2205
1281
2205
3485
781
3485
2205
781
5768
630
3485
3161
3485
5243
4137
3485
781
3988
781
2533
3485
4728
781
2856
3539
4332
4341
5671
3485
3350
781
3485
781
4968
781
2205
2205
781
3485
781
3086
4521
2548
5128
3485
2205
3485
3485
3344
3485
3485
3485
3485
3485
2205
4742
1921
4652
3485
3161
2430
5430
3485
4179
2791
3485
3485
3485
4282
781
2205
5134
3485
3485
3485
3485
4748
4367
3485
781
4728
1707
3485
1197
4728
3344
113
3485
4728
3485
3485
3485
3485
5223
4728
3485
3485
5123
4128
1630
4728
3485
3971
4728
4728
4882
3485
781
2205
3485
3485
3019
1140
2205
4728
3485
3485
4728
3485
2205
3915
1176
1969
781
1224
781
3485
3182
3777
5550
2593
3485
3485
4728
4728
2884
2205
3485
3485
3485
781
4941
3681
4864
801
1189
781
2205
3183
4728
4728
4505
1151
2856
3485
980
3485
3485
3485
3485
375
5609
4728
781
2351
3832
4728
3485
4728
4728
4728
3485
4570
2205
2703
3485
781
2205
2205
4321
3485
2205
3485
781
3485
3485
5425
5833
4728
5416
2572
3925
3485
4612
1958
3485
1980
3485
5267
3485
2421
1751
4728
781
4728
2103
4406
3485
781
1739
1299
4526
3882
4728
2807
303
3730
3485
1912
2252
2182
3485
3670
1096
2612
2205
3485
5133
3485
3372
3485
4728
2669
2205
3485
781
2943
5363
3485
5292
4728
1496
781
781
2205
1881
4608
587
4874
1310
3485
4474
3485
4817
5359
2392
3485
781
1234
3485
2205
2812
1839
4728
3485
3390
2664
2205
1205
3485
3485
1220
2849
2205
4356
3485
1965
3485
3485
3661
781
5732
3485
5271
2117
2205
3925
3485
4660
5305
2205
4911
3485
1086
3485
4251
4728
4693
3485
2569
4728
3485
5032
2598
2205
3485
3165
1575
3582
4465
4075
5555
4728
2205
781
1303
3485
3485
3485
3485
781
3485
3638
3706
3485
981
4809
3485
3485
3485
3485
4180
2103
1967
781
5891
3485
5073
3485
781
3485
3485
781
5084
3485
4728
1236
3602
3485
3086
951
781
3485
781
3485
4728
3485
4628
1065
4389
781
3049
2205
3725
2205
3485
3485
4105
5292
4074
4728
2205
5879
3485
3485
3485
3485
1479
1093
113
4349
781
4728
3485
3485
2226
2212
2677
4728
3485
4045
3976
4134
4728
2884
3485
3485
3485
4728
3485
2205
2205
3444
3485
3485
3485
3485
2228
5269
3485
1523
2205
4728
4728
3485
3485
3485
3485
3776
3485
2942
3485
5950
1157
3132
1866
2205
4921
1422
2205
4616
5223
4105
3485
3485
4841
5047
4828
4728
5527
4718
3485
5949
2205
3502
890
3485
4728
4632
2847
3485
3485
3485
3485
3576
3485
990
4728
5054
2205
3485
5380
3485
5616
5849
781
3485
3485
781
3230
4224
2205
378
3485
1316
3485
3485
4728
4214
3485
4728
5808
2071
3485
781
3485
1994
2075
3485
3485
2205
781
4728
1739
3485
2205
1915
3485
3421
5897
3485
4728
3485
2205
2136
3485
4728
3485
5335
781
3485
3485
781
781
3485
2517
2205
2839
3485
5507
781
1847
3485
5058
5465
3015
3485
3485
781
3485
4574
3485
4728
2205
2031
4728
3485
4728
4767
4246
3485
475
5071
3485
1300
3485
2205
853
3485
3485
3485
781
3485
3485
3485
3485
781
4728
4412
2205
3485
2429
4728
1663
4544
3485
3265
1259
2205
781
3485
3485
4648
3485
1700
3485
1189
3485
4728
3485
1024
4728
3485
3485
781
4728
4436
2853
3485
3485
3485
609
781
3865
3485
2205
4728
2205
781
781
3485
3485
2205
3485
3485
4728
2205
2205
4887
2205
3485
1217
3485
3485
1473
3485
1110
2205
3485
1287
3485
3485
3485
5207
781
3485
3485
781
5007
4728
4728
4728
3485
5844
2205
4728
5011
3470
3485
5398
3485
781
4728
781
2205
979
2242
4728
3485
3485
781
2205
1753
3485
3485
2905
5311
5781
2205
781
4690
2020
4688
781
781
3485
3047
2205
4728
1269
3485
4728
781
4728
1197
781
2205
4728
4728
781
3451
4799
781
4728
3485
4731
781
3485
781
3485
1033
3012
3485
4633
5248
1822
3485
3485
5937
781
3485
5242
2359
3485
3485
4728
4985
2205
3485
781
3086
3999
4728
5511
1714
2205
781
4728
3485
3485
4728
3279
3776
3485
2205
3485
4268
3485
4620
5226
3485
781
3485
2276
4728
3485
5032
781
2205
3485
3485
3485
3485
3403
3485
3485
947
5755
1681
1143
4728
1312
2026
5764
3485
3485
3121
2205
3485
2039
4439
3485
3485
781
3015
781
3485
2958
3485
3485
4728
2765
3485
3485
4117
5683
5905
4728
5545
5399
3485
2142
2205
3485
5862
5230
2205
5083
1552
781
3485
3485
5714
2815
2599
885
3485
3485
3485
2237
781
3485
5894
3485
5020
2314
3485
2931
781
781
2205
3485
4728
4809
3485
2751
3055
3485
3485
4748
4728
2205
4025
2205
3771
4519
3485
3472
3486
3485
4728
2651
781
4329
3485
1210
2205
1425
3485
2205
3485
3485
4508
1031
5811
2205
3485
3485
3485
3197
3485
3045
5506
4728
4728
781
781
4728
4728
1607
2205
3247
5716
3485
3274
4728
1625
781
1123
3485
3485
1539
2205
3485
2205
3485
3485
3485
3485
4728
4728
3485
3344
2205
3450
781
4728
2371
2205
3557
5854
2267
3715
1948
3485
2494
781
781
3485
4786
2194
4728
3485
2198
3485
2205
4723
2593
781
2205
5363
5649
3060
4728
5445
3485
1970
2205
1449
781
4728
2205
4771
3861
2300
930
4551
4728
3485
992
4728
2226
3562
3485
3485
4728
5747
2205
3485
3485
3655
5723
4188
3485
4352
3485
3485
2013
3485
4052
4017
3485
3485
3485
3485
3485
3485
2397
4728
3485
3485
4108
3485
5839
781
3485
2272
1229
651
3485
4728
5848
3612
3485
3485
2088
3485
3485
3447
3485
3916
4728
4728
4356
3485
781
4728
1105
3485
781
5735
3485
5898
2399
3485
2205
3485
2205
4382
2601
3485
3485
2205
781
3485
2053
3485
5674
2205
4953
475
2532
4542
781
781
3485
1084
781
1574
4728
3485
303
1458
3485
4728
781
4728
3485
2431
3485
5147
4418
4367
781
3043
3485
4728
3485
630
3485
969
3485
5466
3485
3485
4686
4938
3362
2205
3485
2205
2199
874
3485
5783
2205
2205
5309
2205
3485
781
3485
4185
2289
2205
3485
3485
3226
1361
781
5242
3182
2205
3971
781
3174
4085
781
4417
3485
2205
813
3485
4531
2214
3485
781
3485
4728
5063
4728
5660
781
2205
3485
4763
1064
1278
3485
2783
781
3677
4728
4728
3139
2205
3485
3485
3485
5453
1924
3218
3485
4521
4305
3485
3557
3485
1223
1646
1563
5418
3562
1184
3485
5925
2205
2504
2149
5844
2205
4728
4778
781
3485
4247
3485
3485
3485
853
5634
4857
5486
4728
3485
3485
3581
781
5352
4728
2254
781
1286
3485
2916
2606
4728
1499
1040
3485
3826
3485
3485
3485
3861
3485
3485
3926
3485
4728
5426
781
4728
3485
5320
3485
3485
342
3485
2205
4728
5139
5810
3485
2205
4728
3088
3485
4728
2205
3485
4728
3485
5375
3485
2205
3485
781
4635
3981
2205
5324
1028
3485
2205
2205
781
1241
3485
2699
4014
2205
3485
1266
3485
2330
3485
3485
3485
2802
781
4728
2205
781
2300
5119
475
3485
2750
4728
781
3485
3485
3562
5024
4762
1921
781
1367
3485
3485
4841
3485
4031
3485
2954
3485
3485
781
4937
3485
781
3485
3604
3485
4728
2205
3024
3485
3485
3485
1466
781
4732
2205
2318
3252
4728
2205
1260
3669
3485
3485
3485
5377
5142
781
781
303
3485
3485
5292
3485
2370
2139
4440
1261
5318
4570
781
3485
4728
4728
2794
3485
4728
3485
4728
4728
781
781
3485
2312
781
4519
5578
3485
3485
1161
1506
1565
3485
2307
5481
2205
877
2291
3485
874
4728
781
2664
2982
3827
3485
990
2205
4728
3485
1245
3485
995
781
4368
3485
2205
3662
2031
3485
2177
2081
1361
5000
4980
3485
2604
3485
3485
3485
3485
5542
2205
4728
2845
781
4800
3485
3485
4122
3881
3485
1647
3950
3485
1571
781
1246
853
1131
4136
5428
1388
3055
3485
2205
4704
2347
2872
4418
470
4217
1032
4931
3485
2791
2205
3485
4519
3485
1327
2205
3485
5309
3485
5292
2205
3485
4416
3485
3485
4545
303
3485
3485
3485
2205
2205
2205
4662
3485
3485
4728
3485
3857
781
3485
3485
3485
3485
1460
5037
3485
4728
3485
781
3485
3485
1057
2205
3485
3485
3485
3485
2205
2205
4161
4406
3485
2729
3485
1591
4941
5242
3485
3421
3485
3485
4728
3485
5628
3381
3485
3485
2205
2863
4214
3485
3485
2304
3485
3485
5573
3485
3485
781
3485
2617
4728
781
3157
995
3485
3485
392
2118
3485
781
3485
3485
4728
3136
4728
3485
2758
4348
2343
3485
3485
4747
5394
3057
2425
2205
4983
3485
2205
4180
5432
781
4352
4728
3485
2272
1680
2205
4585
781
4167
3485
3457
2791
3485
3112
3485
3485
2430
4728
2205
5313
5719
3485
2205
5103
2205
3485
3485
3758
3485
1611
5548
2253
3485
4728
781
4728
1491
2228
5151
3485
4728
3485
5448
5800
3485
3485
3788
3940
480
1847
781
3897
3485
3123
4291
781
4728
3485
3485
1994
3510
3044
2061
781
2863
3753
5402
3485
3485
1926
3307
3485
3309
1684
1502
2205
3485
1172
3485
3485
5348
3485
5575
3485
4469
3485
781
3485
4728
3485
781
4728
4728
2205
3485
3485
781
1832
3485
4491
2205
5295
4728
3485
4600
3485
5419
1559
3485
3243
1502
3485
5849
1320
4728
3485
4728
2205
4897
3655
781
3485
781
3485
781
781
3485
4211
781
2205
4728
4728
3485
3931
3828
80
4728
3485
2281
2205
3485
2205
781
1303
4464
3774
4660
5359
3485
3220
3713
3485
2157
5519
4817
5106
3925
781
974
3943
3485
3019
2205
3485
781
4728
3318
3485
781
4728
3485
4728
3015
3485
2205
3485
781
2278
781
3485
2245
1316
3485
4728
2205
1306
3485
3485
2205
781
3485
5921
3485
3485
5828
1932
781
3485
3485
3485
3485
2205
3485
2205
2205
781
5760
2205
2359
3485
4730
2931
3485
2205
2477
781
3485
4728
3485
3188
3485
3485
3680
4033
3485
3485
2840
3684
2909
5253
4370
4674
853
2205
4182
3485
5866
3801
781
4728
4728
3485
3485
3485
3485
2070
4246
5072
3485
4185
3485
2205
2205
781
5485
3485
3485
781
1790
2390
3485
1188
3485
2599
3600
5584
3485
4605
3485
3114
2205
3485
3485
4820
1605
3485
4897
5693
781
4094
4037
475
4728
5336
5047
2988
3485
4728
1974
4728
4423
2205
4728
2205
4728
1949
5866
4728
3485
781
3485
781
2177
4170
3485
5821
3485
3485
5672
3453
2205
4071
4461
2970
3485
3485
3485
3485
4179
4579
781
4445
5011
4755
2923
5753
781
3485
3485
781
4927
781
3827
4728
3485
3564
4728
5181
2205
1807
4728
3485
3485
4739
3485
3485
3485
781
2205
781
3485
2205
2258
1512
5209
4728
3485
3485
4268
2205
781
3347
4539
3485
1642
3485
1695
3485
781
781
113
781
2205
4728
781
4728
3485
2205
2205
3485
781
3485
5564
1397
3546
4857
781
2690
5310
2287
5162
3485
3485
3770
4728
5020
3394
1716
1103
3342
781
1504
4728
3485
793
4268
615
5435
5571
1801
2205
2205
3485
3485
2205
4728
2302
5226
2205
4761
1918
2119
4615
1119
3822
3732
781
3485
1976
3485
3485
771
2205
2205
3485
2302
1378
3485
3485
2205
3485
4813
3485
3485
4728
3485
1869
3485
1688
5627
4728
3485
3485
3680
3485
2093
781
3485
4728
781
4728
3485
3485
2752
3485
2439
781
2205
3485
4201
3485
2533
2509
781
3485
1559
2205
4660
4408
3485
3773
4096
3429
781
4728
2205
3485
3485
3484
932
3485
4814
5107
3485
3485
2089
781
3485
3485
2205
781
3485
5790
2711
781
2205
3325
4728
5301
4025
781
2205
781
2205
3485
4728
3309
1826
2885
3485
630
2503
3206
2872
781
4531
3081
781
4424
3485
3970
2637
3485
4660
2205
2205
3485
5953
781
4003
4728
5313
3485
3485
3485
4407
3293
3695
3197
2205
3485
3586
1684
3485
3485
4442
426
4637
3922
1611
5568
4087
3485
2205
5056
3485
2392
2473
3485
3485
2205
3485
4728
2408
3485
3485
837
5097
3485
4728
4803
3485
3485
4728
3328
2205
3485
3590
781
4728
2976
781
3485
1957
3485
4041
2205
3485
4728
3485
4430
3485
3485
2941
892
781
3485
5314
3485
781
4617
3485
2205
3913
3485
2154
4105
3485
2205
2205
3377
2860
3485
3485
781
5647
4728
3261
3485
4240
781
781
4980
3485
4728
3485
2205
788
781
4971
1267
3485
3485
3485
781
3485
3905
3485
4484
3669
5285
3485
3485
3485
3485
3485
781
2205
5186
3485
3485
3229
4728
3485
2205
1655
4728
3485
3485
4728
4728
3485
2205
3485
2205
3485
5527
4728
4728
3545
3485
1580
3485
1069
5208
3485
1647
5045
910
4026
4728
3485
4728
3428
781
3485
4728
3485
459
3485
3485
2205
3510
3485
4401
4728
3135
3485
781
3485
5041
4728
3485
986
4728
1378
4728
4728
5418
4728
5061
3485
781
3485
2205
3485
2205
4992
3485
3346
5097
1646
3485
1879
4728
3485
781
3419
781
3485
2205
5604
3485
4247
2205
4728
5020
1006
4728
1630
781
2205
4728
3485
3485
3485
2333
3485
4728
3485
3485
4728
5359
781
1313
2908
3485
3485
3485
2520
2895
4728
2205
3485
1721
2205
2205
3105
3042
2087
1355
781
3485
3485
4699
2205
5603
3485
781
3485
786
1990
3923
2205
3462
926
4728
3485
2205
3485
4728
781
2205
781
3485
3485
2205
3485
2588
3485
5670
4728
2420
1698
4743
3412
3485
4980
5334
3485
2205
2205
3485
3485
3485
2372
4728
2518
5953
4728
2919
5223
5242
3485
1470
3630
5112
3485
3485
3485
2205
4728
1179
3485
3485
3485
4728
2529
4728
1950
5675
781
3469
821
781
3485
996
3485
5089
3485
3485
4367
4034
3485
5329
3121
3485
4282
4728
4728
3485
5840
781
5855
4687
781
4728
3485
2907
781
781
3485
3485
4728
4248
4728
3393
3485
2982
3485
2205
781
3485
3674
3485
3485
3485
3144
4728
4971
3485
4728
5048
3485
3485
3485
303
1219
4728
2205
781
3545
4028
4651
3485
3485
3485
3485
1126
4429
1864
3485
4728
3485
3485
3012
3690
2006
4728
4728
3485
3705
3485
4348
5341
2294
2205
3485
3606
3485
3485
3885
4728
2205
5811
3485
2437
1910
3485
1922
3485
3715
2205
2205
3485
4728
4728
1120
5314
781
2205
4728
781
475
3485
3485
4728
2205
5513
3432
3975
1381
4728
2451
3485
3485
2794
2205
1000
1519
3485
2205
3110
3485
3485
3485
3979
4728
5569
3485
3226
4728
3485
1059
3485
781
1457
4728
2205
1247
3485
3485
3187
781
3485
2182
5901
2449
4728
4352
3485
1630
3485
4485
4410
5840
4302
781
781
781
3485
3198
781
3485
4632
3485
3485
3344
2205
1426
2205
5256
4728
4324
1261
3485
3485
3318
3485
1998
781
3485
3691
1775
4898
3344
1234
5176
4728
3485
2205
5151
2205
1073
1216
2205
554
3485
1810
4728
781
2205
4728
3822
3485
303
1487
4728
781
1986
2205
1491
5327
3485
4892
3485
4180
3485
4479
4352
3485
3485
781
5782
3485
3485
5162
3485
2205
3485
1816
3485
2205
4406
5106
3485
3485
846
3485
3485
3485
4007
2205
3485
2205
3906
2205
3485
3972
3485
1755
3485
1124
3485
4728
2205
3444
3485
2205
2366
1213
4728
5590
781
1086
3485
3174
815
4728
1752
927
935
781
3485
2753
4049
3582
4230
3847
3485
781
4728
5400
5849
714
781
1491
2205
781
3485
781
781
2156
974
2205
4843
2205
2205
781
873
3485
4728
1864
4209
3485
3322
4728
3737
5586
781
2205
2205
5322
3485
3485
3485
3485
3485
3485
3485
2711
3485
3587
3820
3663
3485
3485
3485
2205
4728
3485
1165
3485
5839
3485
2765
4728
1685
2700
2205
3485
2331
3485
3485
3485
3709
4395
3485
5330
4728
3485
3485
2205
2205
5873
3485
3485
3258
781
5083
2488
4910
3485
3485
5866
781
5571
3485
5651
3485
3485
2205
4046
5344
4001
4286
745
4728
2578
4531
4728
4728
3010
988
2205
4580
3485
1768
1591
3485
3366
4728
4352
3485
3485
3485
2205
1247
4759
4728
4728
781
3485
3485
3409
3238
1299
3485
4728
2219
3485
4136
3485
1628
2205
2840
3485
3485
5636
4728
4390
1277
4395
3485
898
4728
2429
2205
3250
4728
3701
3485
3485
927
3485
4728
781
4728
781
2386
781
3641
2205
2087
4086
3743
3238
781
3485
3772
781
4728
1926
2601
4798
2205
3485
4998
4180
4728
3049
1564
3485
781
4583
3485
2205
3485
781
4728
2205
3485
4728
781
3485
3485
4834
3803
1729
4728
4888
781
1829
2205
1966
3485
3886
2673
5193
2205
3420
3485
3485
1552
2885
113
3485
4672
5416
4728
3822
3485
781
3485
3485
4728
3485
475
2205
4268
3485
781
4406
3485
1124
2168
781
3421
2941
4687
3485
781
3485
3485
4728
3485
2205
113
3493
4709
4728
3485
3485
4682
781
5007
3485
3485
2205
5318
4775
4728
3485
3361
4728
4715
2205
3485
4728
5633
3485
1910
2205
3275
781
781
3485
3485
4374
3485
2205
4694
1714
2205
5844
2205
4728
4255
4728
1380
781
2850
3485
3353
4679
3485
3485
4728
2205
2205
3485
4143
3359
4476
3485
4728
3485
2282
2863
922
3485
4523
5287
3485
3485
2608
3485
3485
5008
3485
3485
1064
4728
3485
1608
1807
4351
2205
781
4177
5253
1153
3496
976
1471
1714
3485
2031
3485
5851
3485
1105
3485
3485
4728
2205
4144
2205
3485
3485
4718
5810
3485
3485
3485
4728
2205
3485
4728
4728
4971
3485
3485
3485
4794
3800
3614
2286
2205
2205
3485
2598
3485
4728
781
948
3048
3485
4728
5366
797
5090
1781
3485
3485
3485
3485
4728
2065
2792
3485
3485
4933
4728
3485
2205
2205
3485
990
5162
2205
3485
4640
781
781
3485
3471
4728
3485
3890
1689
3485
781
3485
5924
2205
1948
4728
5092
4580
4768
3201
3485
1946
5107
3485
781
925
4490
3485
3485
3485
4728
475
5702
1950
2205
4728
3709
1166
3485
4871
2310
4288
4728
1869
5357
2205
4086
781
4179
3485
5865
3485
4728
3485
2205
4728
3531
4966
1781
2953
5226
3485
2919
781
475
3328
679
4730
3744
3485
2267
1255
3485
3485
5688
3485
3485
781
781
2205
2205
1192
2030
2205
1283
3485
5445
4170
2126
3292
3485
3485
2205
3485
3485
4728
4728
4728
3485
4728
781
2205
4728
4866
1187
3485
3485
3218
3485
3485
113
3485
4230
781
4091
2205
5363
3485
5604
4809
4971
4389
3485
3485
5581
3485
4728
781
2080
781
781
5934
1870
4728
4205
1217
1378
1282
3485
3485
4182
3485
4980
5309
3485
1664
4728
781
5280
781
3485
2612
4728
3485
1016
2831
2205
5202
3485
1221
3485
5176
3410
2205
986
5382
781
5174
3485
3485
4728
777
1801
3766
2205
5604
2205
2115
3485
4728
1694
4728
1180
781
5593
781
4728
4395
781
2205
5499
3485
3485
781
2205
4271
4135
781
2205
4920
3485
1687
2856
2205
3485
3280
781
4728
3488
2735
3485
3485
1385
804
781
1642
3488
1114
4728
4407
1866
3485
1774
5125
1378
3698
2142
4728
3485
2205
3485
3485
3485
1569
984
3485
781
5768
5730
3485
3372
3485
2334
2205
2140
1927
1856
3485
4728
5162
2205
3485
3485
2205
781
2205
3485
781
3979
2399
3485
4586
2995
4728
3485
781
3485
4728
781
4853
3485
3485
3178
1084
3485
781
3485
3485
4728
3485
1989
2834
3485
3588
5235
1640
3521
4115
781
3485
4728
2205
4728
1312
3963
3485
5025
4087
4119
3485
4728
3485
3485
3485
5359
3598
3485
3485
2502
2519
1677
781
2205
781
3485
3485
781
2455
4728
4414
291
5186
4836
3485
2291
781
3485
3485
3573
3485
475
5465
4424
3485
3485
2205
3485
1877
2205
3485
2205
4447
1820
3485
4402
5013
3892
781
2189
4728
3485
2430
1982
781
2382
3485
4728
3485
4304
2205
316
2158
3485
2205
3485
3293
2205
1775
1055
3485
3485
4728
4728
2205
781
2212
3463
3485
781
781
4728
2989
2945
4728
3485
4329
2205
4135
4728
2205
1365
4568
3485
2205
4370
3485
3485
2825
3129
781
2205
4728
3485
2205
3485
2205
3485
4622
2205
3587
3485
4728
2205
4728
1124
2261
991
5324
5912
4980
3765
3485
2210
4660
3322
1653
2485
4728
781
2205
3586
4096
3485
3485
781
3485
5631
3485
369
2205
4728
3485
3485
4728
2205
1253
1523
3485
824
1316
2205
3485
771
3852
781
4280
3421
4220
3485
2189
4728
3485
2413
3485
4728
781
5437
4728
781
4728
3292
3485
781
2409
781
4743
3485
781
3485
5163
3485
2205
2951
1363
3692
4728
2765
3485
3982
5850
4728
4672
1243
3139
1197
1512
3606
3485
3485
3139
3485
781
781
3485
3485
3799
1219
4728
1610
3485
3660
3853
2205
2357
3877
3674
5900
2205
4324
3485
3485
3473
4728
3485
3472
4339
3485
3485
2205
781
4093
781
3562
3485
4728
1534
4728
3485
3485
3485
3485
5517
1266
3485
781
3485
3485
1319
3485
3485
2205
3485
3485
4728
781
781
1440
2205
5623
3017
2205
5901
2494
3485
3485
2865
995
4728
3485
3485
3485
4728
2205
781
2205
4341
2205
781
2205
4766
3348
3425
3485
3975
3485
3485
3485
3485
3485
2366
1766
781
3794
3554
3485
3730
3145
113
4384
5148
2205
781
3485
3485
4642
3170
3485
1984
3485
4728
855
3485
5910
3722
5060
3485
4728
5432
5144
254
2205
3485
3544
3485
2259
4728
2172
3485
3485
2205
874
2205
5347
3485
4728
3485
2212
3082
3485
3485
5336
781
4559
5669
3485
4728
1911
3485
4897
3485
2070
5292
3310
781
2765
3770
3485
1287
3484
3118
3485
3485
4728
2087
2228
4728
2863
3670
3485
4728
113
2205
3485
4803
3485
3740
2205
3224
2205
4728
3485
1623
4945
3485
1480
4728
2205
5894
3485
1253
2308
3485
4728
4127
2508
781
1458
781
1147
4499
3485
3485
781
872
3485
3485
4728
1165
781
2212
4668
3485
5514
3485
2205
781
5171
3485
3485
2205
4728
4728
1406
3485
3485
3979
3208
3485
4728
1033
2149
1923
1662
2953
2205
5206
3437
781
4965
3930
2492
781
781
3931
3485
781
4728
1491
3485
3485
5704
3485
781
3485
3485
4875
3421
3485
2439
3485
3485
3277
3485
3485
4574
3485
3421
3485
1033
3608
3485
3695
3485
4163
5789
3485
781
5452
5843
4067
3485
2205
781
1742
4728
2821
3485
3485
2205
4128
3485
113
3485
4728
3485
781
2205
3485
3485
4028
2455
3485
5186
4151
4728
3507
3485
781
4209
630
4728
781
2201
4728
3534
3485
781
3485
2589
2692
3485
4728
4728
3485
4981
3485
2390
1211
3485
3485
2205
1457
1136
4728
1186
2205
4004
4728
630
1465
3485
4728
1272
3485
2205
4819
3485
4728
781
1224
3485
3485
2598
781
4480
3485
1636
2366
781
2205
3485
781
4477
3485
3485
3810
2134
2205
2170
3485
3960
3334
2205
5915
781
3485
2205
3485
3485
3485
3485
3485
3485
3485
3485
1487
4728
781
3485
3485
4684
3485
5151
3116
2205
3485
3485
3485
2447
781
4728
3485
2205
3485
3485
2205
4728
4728
3485
2205
3485
1963
2205
5615
2205
1981
5775
3485
3036
3485
2205
1667
4728
2924
4728
4415
781
781
4728
841
2289
4728
1301
3485
4728
2205
3485
2205
4395
781
781
3078
3822
781
4728
2900
3581
3485
3485
3536
5377
3465
3221
4728
4069
2083
2936
2096
3485
3292
3485
3998
3485
3485
781
3485
2205
998
1385
1967
781
3094
3485
4728
879
1331
3485
4258
4529
3485
781
3122
1937
5750
4728
2205
4728
3258
4728
1042
3485
781
781
2205
3485
3485
3485
3324
1967
1532
3485
2205
3933
3485
3485
2741
4728
3485
2000
1032
4757
1990
4728
3485
781
3485
4391
4728
5611
3485
781
3485
5543
4728
1147
4728
3485
781
781
5705
3485
4728
1124
4503
2250
3348
4728
4153
781
3485
3830
4987
3485
5171
3045
3485
5558
3485
781
3485
4728
1848
3485
3485
5705
3485
3673
3485
3485
3485
3485
4728
4728
3485
4139
4728
2705
3485
4728
5241
781
1447
1687
5162
4728
3485
4905
3485
3485
4170
3485
781
1502
3485
2205
3485
3485
4064
2566
3485
4490
781
2267
4728
1755
3485
3485
4728
3485
781
4728
3485
1574
4010
2702
781
3485
2205
2357
3485
130
2205
4728
2205
3485
3485
3774
5488
4728
781
3485
2205
2080
2205
781
4819
3485
2205
3485
3485
2832
2749
3485
3485
5478
4912
3485
3485
3485
3485
2613
781
3485
3485
2205
4728
2205
1659
2392
781
2205
475
4728
3485
4728
781
3485
2205
2205
2970
3485
3485
1295
3485
4728
3485
3485
3485
3485
781
4728
3485
781
903
5520
3485
4728
2821
4728
2205
5945
3485
3485
2205
2821
1070
781
2205
3485
3485
2205
3367
2205
4728
3964
781
3347
2205
4728
4728
5304
2299
3971
3485
475
1263
3901
5835
781
3485
3485
781
4410
2540
1471
743
4728
781
3695
3737
5176
2205
3485
781
2205
781
3485
3050
3485
3485
4728
3821
1299
3485
3485
2205
3451
3485
4728
2096
1103
3485
3485
3485
3485
4617
3485
3485
5905
4728
3874
3485
4075
3848
781
2211
2205
4728
3485
1636
4307
4728
3492
935
2205
4728
853
3485
3485
2430
5844
4728
5481
4087
3485
4142
3485
2205
781
1746
3485
1359
2205
2205
4758
5632
3485
3485
3485
4939
3485
3485
4660
3485
1895
781
781
2406
3485
3485
4843
781
977
4728
2205
4728
3524
781
3485
4758
2205
4728
2205
2205
4686
5162
3485
3796
4811
3485
3485
1534
3485
3485
3589
4914
3485
1685
1130
4728
3099
3317
2205
5141
3485
4632
3485
3956
1355
1261
2910
4368
3485
3485
4728
3485
4728
4728
2170
1518
2808
781
3690
475
2229
4544
4728
3485
781
3485
5222
781
1261
1579
3485
2508
3485
2205
1021
3485
1562
4358
3485
3485
3485
3485
3241
3449
1767
4728
3485
3485
1617
3485
4728
3549
3485
3485
781
3714
2898
2967
3485
3242
2205
4911
1225
2050
781
781
4728
3485
4728
4283
3485
3485
781
781
3485
2205
2205
3181
3031
4728
2205
3485
2221
950
4221
3317
781
3880
5770
3485
4728
2205
781
5636
3485
4728
2205
4728
4214
2159
3419
3485
3485
3366
4728
4467
1971
3485
5770
3305
4826
2106
2205
2205
3485
3722
4728
1467
3132
2969
4728
3485
1330
995
5347
4660
2780
5522
3485
2625
1965
3485
4728
3222
781
3902
2205
3485
781
4728
3485
3485
1695
3962
781
3636
2205
3485
4594
3485
781
3485
4728
3485
4728
781
3485
2570
475
4728
3421
2205
2205
2205
2771
2205
3485
4003
3189
3485
5812
3485
3485
1233
2205
3485
5145
5221
2205
4728
3485
781
3485
3485
3485
3485
4084
1797
2205
1960
1785
5761
1369
3562
3485
3485
3442
4679
2667
4728
3485
3485
2205
2934
4728
3238
781
3485
4728
4728
781
2205
781
3485
4876
2205
1674
4201
781
3485
3927
781
3485
3087
3485
4728
3485
3485
4619
5126
3514
2205
3485
3485
4286
3485
956
4512
3485
4464
3485
5775
5301
3485
781
3485
3485
3485
3750
1031
2205
4276
788
2205
3485
1595
2205
781
3485
3485
4728
3869
1040
4214
2919
5812
2908
5347
2954
2455
3485
5635
2523
2955
4728
2035
3485
4005
2205
4728
5689
2770
781
2205
1474
3485
2630
788
3999
3643
1832
781
5430
2205
1091
5911
630
3105
3485
5250
2657
2365
3485
781
2205
3485
3317
3485
3589
3340
3485
3485
3485
3485
2205
5832
3485
2542
2205
781
3100
4321
3485
2205
4728
781
4291
927
3485
3749
3485
4728
3485
3485
5231
3485
886
924
2636
3485
3485
2205
1428
4728
2205
3485
2890
4728
2685
1343
781
1221
3485
3485
3485
4728
4728
3485
3485
3485
2372
781
3485
3485
3485
3485
4184
2205
1662
3485
3485
3485
3485
3485
3485
2205
3348
2205
4807
982
4761
2205
781
3485
3485
2443
3485
5103
3485
1422
3485
2485
3381
2205
3485
1885
3485
3485
3695
2205
3485
781
4728
5279
1314
1886
2205
3485
2205
1120
781
3485
3485
3485
4728
4728
3485
3485
3485
4728
4455
2205
3485
2205
3485
2205
4949
5468
3317
2205
5377
5110
5939
4728
4728
2205
4441
3485
2899
3485
5270
3485
3394
781
3485
2120
3485
3485
5504
2205
4728
1260
4728
2205
1950
4728
4971
2830
4728
4728
3485
3485
781
3485
4136
5859
3485
3485
3464
781
2205
3485
2749
4728
3737
2205
2205
3485
4728
3912
3703
2205
4728
2205
828
3485
3795
4679
5389
1130
3485
5095
841
3485
1781
1250
3485
3485
4728
2869
781
4728
3932
4728
5289
979
4728
781
4728
4872
1666
3485
5575
3485
4728
781
4728
2205
3485
3485
4728
4728
3485
2184
2205
4728
5651
3485
1827
3485
3485
4315
1466
1234
3485
2205
4728
781
2304
2285
3018
5627
3454
1319
3485
2205
3485
3485
872
2205
781
2205
2205
2782
3485
363
3242
781
3485
3485
4728
3485
2089
1750
3485
3485
3485
3485
781
4728
3485
5771
5041
781
3485
2205
3485
3582
2140
1564
2205
3485
5399
3485
3485
4580
3485
5128
3485
4526
5045
4728
2205
3485
781
2205
3485
1068
781
2863
4728
3485
2205
4728
781
3485
3485
3485
1813
2205
2205
3485
2205
279
3485
4728
5041
2887
4643
4728
4728
3485
3485
5363
3485
3485
4887
3485
3485
781
3485
3485
4728
1462
3485
4728
1974
3730
4684
3485
4728
3485
3485
5679
4351
3485
3485
781
781
781
3485
2479
3485
4519
781
2205
2898
3485
3485
3485
4686
2205
4728
3485
3110
4728
3485
781
2861
3485
2646
867
4728
781
2205
3485
4408
4637
2103
3485
1600
3485
3485
4248
4330
4728
3485
3485
3485
2205
3485
781
3485
3485
3485
4949
5454
4640
2205
3485
3485
4631
5739
4728
2205
3485
3360
4728
781
3347
2965
4129
4728
3485
1954
3485
4728
3485
3485
4305
781
5779
3485
1699
3139
3691
3608
5492
2814
3485
3485
1110
2205
4728
3922
781
3485
3826
3705
3485
3485
3485
4887
3942
3658
3485
3738
4728
1031
3485
4728
1330
4728
5151
5800
4728
781
3485
3485
3485
3208
4220
4374
3485
5402
5327
781
2205
781
1923
2004
1971
3485
3485
781
3485
3434
4081
3485
4728
2905
3485
781
5679
1714
781
781
3485
3929
781
4728
3485
2087
4991
795
2873
4421
2205
1955
1937
781
781
4134
781
4635
113
4728
3485
4728
2205
781
5822
3485
3485
3331
3485
2460
3485
2223
3485
3485
3485
5061
2441
3158
5419
895
5234
1422
3485
2771
781
3485
3485
3485
2205
3557
2205
2221
2139
5497
4728
4728
1555
3485
3485
2205
3485
1362
2205
3485
4605
5306
5392
781
5630
1942
3485
2205
4927
4117
5426
2205
4513
1535
4461
3485
2205
4728
3121
3485
5344
3303
4728
781
3352
4467
2692
3485
2205
2205
2205
2205
2014
3485
3531
3485
1034
3485
5819
3485
1606
4728
781
4730
2783
2205
781
4728
4873
1442
5338
2456
3586
3929
2205
5097
3941
3485
3485
2205
2130
5135
2205
1153
970
3485
3485
5063
4728
3485
2205
4728
3485
781
3608
1929
3485
781
2205
781
4464
3815
5808
2074
3485
303
4593
3485
4728
2286
2495
4728
3485
3485
4909
3485
2205
2205
5851
3684
3485
781
3485
781
4841
1267
4728
4992
3485
2205
2205
3485
3261
3485
2205
2205
4728
781
3485
3485
2205
3485
4728
4179
3485
2205
3485
3485
781
1425
3485
3485
4480
3485
3485
3485
5489
2205
1161
3485
1753
5043
4181
2304
4161
781
904
4728
4728
4728
3485
3485
3485
1775
781
3939
3485
2729
4247
3421
781
5373
3723
5844
5783
4563
4728
2205
2712
4032
1627
3485
4728
5107
2205
781
5107
4414
781
781
5553
5924
3112
3972
3485
781
3485
2713
4381
2764
3485
781
1739
781
1575
3971
3485
3183
2390
3485
4362
4728
2205
3485
2205
4288
781
5402
781
3485
4728
3485
3485
3485
3145
781
2887
4939
3485
3485
3485
3452
2205
4728
2417
3485
3485
4683
3485
872
3485
5389
5748
5209
781
3485
781
2205
3810
3485
3485
4422
3485
3485
3485
3485
781
1602
3206
3485
3485
3485
3485
4949
3485
4728
3485
4728
5463
2139
1390
4348
5510
3485
4728
3485
5571
818
5953
2660
3485
3485
2166
5658
3371
5288
781
3485
4728
5378
3485
1129
4430
2205
3348
2205
781
4728
2919
3485
3968
4463
3334
2587
5712
1032
2205
2565
3407
4905
2594
3485
2205
998
3485
2205
859
781
3485
3485
3485
5061
2455
3485
3042
3485
3485
3485
4728
4768
1063
3456
1601
2873
3485
3485
3485
5898
781
3485
3485
781
3485
781
2722
1627
5724
2232
3485
2205
3485
781
5007
781
3485
3485
3485
1395
4656
781
4266
781
1885
781
781
4728
3485
4258
3988
2205
3485
3485
781
4728
3485
5151
781
4245
3485
3485
2205
3485
3485
3716
1846
4728
3485
3252
3485
4846
1739
2205
4728
3485
303
2366
1684
3485
5842
2205
1200
3485
1932
3485
2205
2205
781
3485
3485
3485
2202
3485
781
303
2926
3681
3866
2070
3485
2205
2205
2205
5506
5486
3485
2975
2205
1768
3500
3485
5348
781
4825
5139
2054
3485
3485
3485
1282
3485
4809
2038
2205
3218
1276
3485
2594
2267
781
630
3485
2205
3485
303
3485
475
2430
4728
5583
4744
4728
2624
3485
2545
2751
3485
2029
4728
5292
3485
3485
4728
3485
3485
3756
3485
4728
1758
5379
1815
3485
3861
792
4728
2205
781
5322
3485
3485
3485
3485
3485
4728
3485
5890
3485
3485
2205
2890
4728
1610
1346
916
5011
2705
3485
3485
1080
2760
3485
781
4728
3485
3699
2440
3485
2887
4607
2205
4656
1953
4487
781
3485
4728
5466
5151
1851
4529
3485
3485
2813
4728
3485
2793
3485
4728
5221
2205
3485
2205
1424
3485
781
2253
3485
3485
4328
3485
2205
3485
781
3485
2455
2995
3485
3485
3974
1261
3485
1967
3485
895
781
3485
3485
2415
3485
837
2205
781
5027
4728
2999
1045
781
1238
4728
3485
3485
5708
4728
3485
3485
3485
4728
4840
3485
4474
1473
1103
3485
4728
781
5061
4728
3485
4728
2360
3485
5466
3235
814
3485
2205
3485
3485
3485
3485
1117
1679
4728
3485
3485
4728
3547
4809
781
2687
4728
1336
3840
2205
4728
4350
781
2523
781
1462
781
2814
2205
2492
3743
4806
4219
781
4522
1110
4411
3485
781
3485
3485
4728
2205
2089
781
781
2205
3485
3723
4728
1178
2205
4728
4728
3485
2205
3485
2660
3485
4728
3485
781
3485
3485
3485
781
2074
781
3485
3730
781
4870
3748
3432
2560
2982
4728
5831
3485
5698
4728
5654
781
4728
2166
3485
657
4438
4728
2205
4728
2177
4479
3676
3485
3485
946
5707
1797
3485
3485
4163
781
3485
3485
4728
4728
2031
3890
3485
2170
3485
3485
5423
1337
3485
3485
2205
5722
5179
5043
3485
4728
2108
5327
4010
5412
2205
3485
781
849
3115
4762
2545
3485
3485
2775
2205
4728
3485
3758
3485
1847
5269
3485
5114
4728
2205
5246
3485
3485
3801
2205
3485
2994
4144
1910
781
4728
3485
781
3291
781
781
4479
2645
2773
781
3485
4728
475
5800
4728
4341
2384
3485
781
781
781
4728
3485
781
2205
4728
3485
3485
3485
5174
4728
781
3485
2842
3485
1569
3774
2205
4728
3485
2773
2205
1781
2205
716
3485
3485
4915
1924
2343
3485
2205
3485
781
2924
4728
3485
2205
2205
3485
5335
3485
4728
4291
2205
3485
3485
4574
5254
2205
5283
3485
4971
3485
3485
4728
3360
3485
4728
3404
781
4464
4728
781
3747
3485
2103
3485
2323
4400
4728
3485
4728
4732
2227
3485
1789
4728
1798
3485
781
1607
781
2205
4728
4728
3485
3485
781
3723
2578
475
2725
4828
3485
4718
2795
3485
781
3485
4144
3485
3485
3702
4728
4728
2655
2783
3485
2030
4728
2898
4803
3485
1938
2619
3485
3485
3485
3485
5380
3485
3485
3485
3600
3485
3485
4728
2329
2030
2205
3485
4728
2453
3485
5639
4239
2508
781
3485
4728
3485
2205
3730
943
3485
2205
3485
1019
3485
329
3485
781
3485
4354
5815
3485
3086
3485
4728
5107
3344
3485
3485
3485
2205
3485
5448
3632
3485
1352
1275
4728
4728
781
5584
2578
3904
3485
3485
3485
4209
3485
3485
2170
781
872
3485
4728
781
4268
781
2205
4062
4728
4728
3485
2205
