10000
956907573
689623098
985876048
71993541
153543117
199165150
398656673
906431905
434630321
361169065
597431916
883747541
42704033
376281601
653354831
464110281
567393617
356856857
23854281
175053729
419872893
806332289
586926111
948320437
537603693
357933121
629298881
924812801
565397957
762550961
986923025
769036851
534429971
586001513
433688101
27642351
46400377
667888219
973398521
579664851
139143901
589154713
976147825
898592641
871319033
130493021
864768257
53951441
669469374
778488249
847413065
859135509
198747451
666561713
940468764
619160701
162795121
850134721
10651841
804432976
146981976
498954091
218859657
399328071
880446546
367853099
986293801
801959571
147769841
740910979
144027801
530589133
422941811
296448079
277346701
275120759
243930121
909937205
125546777
523731289
19576045
217855489
894022731
16628409
411918297
779173781
925552065
987762273
857256036
34404801
607065699
150476916
228281665
978139766
610521217
494474217
98863921
91701926
747376068
736493753
378422377
332060345
291687501
279948225
884582267
320710566
925377709
406438851
922609745
563198273
66384835
293896241
897646213
229608481
574287948
646763009
517927108
731998994
845385041
403092681
268180193
342586151
89294085
610968705
265168337
761668161
645465921
971442651
902231381
230734631
556670809
630208001
140721195
360103641
50377181
378449001
848068601
747290721
629948685
820433201
954740161
799113129
141344201
323958817
821107105
809036951
916590551
455318441
168963681
204504441
429054231
750994351
154712409
31931701
89159685
714272843
945764859
366428446
610760001
963282433
243069899
583304943
445358351
123086909
750635361
875010205
664099841
311758417
586513321
227236481
282939009
539211519
230088801
395621095
251212031
215097721
895418785
295038497
80380051
153659797
693106627
776339121
159656193
964350899
59115641
916488035
639691921
366592025
672312557
829233537
600273153
668352549
765999949
959641671
704980653
223592889
512200381
26259201
238022209
950165411
341246593
693152769
874883601
296435937
772188113
488720467
352823585
449927653
390214891
90162673
30709865
436551845
841281665
557304456
619767421
847697101
33737361
484474301
121478209
133198161
76039876
499368292
727956903
59085895
425487201
522412038
274113425
37184901
344742001
326740289
328380876
91192897
77853601
2183243
883706319
993172966
793228319
117849181
390109735
127489403
506411329
600046477
824688943
492480079
915020572
12687383
268743717
189019649
551572705
116304641
780881217
69471305
92650617
369450665
769009626
876451875
785759921
418348131
828522673
88101421
181796901
903251707
167683185
873704913
320437476
918201000
780976216
220274601
642725515
634425441
634039046
229011961
829836201
904882996
424631416
140839169
232705377
723170501
208520363
101365195
33339933
869811503
362952426
175516969
331851113
694854481
837202689
335030649
391710233
189765787
317820846
946164046
340697757
527667311
671421382
665313561
535742681
458219881
980286001
328611133
338307793
193346841
85062733
900315561
569319713
128190729
296921577
588912641
580222501
558500030
741224001
646194833
114457601
419066897
245600551
343616531
995126029
853669571
104324632
315025501
582833742
166236201
824703861
370738651
685846701
177079153
780366849
330122441
752359609
157660681
871868641
364742673
733690673
780071203
803128049
988379016
678257011
359124401
172555593
551566225
535980499
754988801
976386311
608835081
182664551
259365261
496450381
215692394
77286026
618280961
325377017
154001857
476256785
79354369
632690961
744478351
604963062
897386145
11190837
355743796
730907001
203277969
577111497
998056767
824695201
707793701
708210801
392990001
87577941
965202707
842645171
343718081
374325345
867833701
27534217
530862865
158908101
720792429
366849329
819207945
54953005
691686401
303077173
109224481
166499715
333916921
768842469
375096055
20740251
172174791
285631033
308124266
874725876
437339137
627241601
133195751
869717096
266054667
316512681
392402781
597999712
211064291
520705287
260770601
8746277
186483497
676750561
137127815
58390785
705415825
83059457
828545951
80557301
979121612
721712093
121303889
445776093
254326481
646623641
339336545
337638751
342504361
610747761
123904945
458491393
683967151
623708265
680023761
122902961
796793305
409616467
728407791
673513383
336694001
446589501
379436667
59625969
256985385
834006116
663046905
157951081
220769701
170999041
590094081
585586853
979607921
190894051
12967483
504089601
888987393
774243329
224074201
299410161
340348497
285784993
160117569
866505889
335181961
986924857
23911159
169553081
991204199
891193192
804388271
136721667
647895755
501050204
663414593
397220685
185738313
454701545
99888311
272736380
992849565
311590369
290684437
775717001
421415041
592288735
370188201
924154561
13117407
972259371
556470141
375562466
238080564
962639851
701487841
667581761
728177001
549718253
287110675
851118241
75493501
409678411
751710345
475013737
406791917
641594651
629238713
745061921
636272705
198505433
913078861
345206081
807126826
897455131
189915635
330435157
68964219
604611091
955698113
751235297
831743905
575553921
751396201
586222811
909180913
936087226
665753689
418750961
129965856
578890241
930739283
922493295
878601329
151929345
186073751
355903281
33274672
179577949
587702851
581592001
731515581
13735545
768732101
97832741
773708801
726131641
437402285
800757141
474107649
398941305
935096001
926010086
998060171
809324989
344052660
986646295
647319727
875291437
831966954
764130215
312984725
515476929
768535632
965635753
785746391
194960849
521886065
781961817
894816075
715317637
756337903
714758029
185447132
119589741
85187581
655139491
991632427
16564033
446961793
153038185
408405321
3745631
565195445
451232429
271401726
371498766
535448683
757540769
252328321
73221761
848650201
284150859
630072376
173180505
178338881
324533501
427626521
867498913
559293937
476604625
519469781
354857751
346620601
779302721
994834171
859190285
409593921
612431779
328428438
722295779
407885257
297994941
460905716
14457361
352772149
510582321
956749001
646684801
294154353
238709481
754516289
198651521
167587153
158310869
595338300
986506303
632368851
687382785
187242741
669181569
610904445
354010901
62385129
261101121
972754065
38380746
273994441
438305065
635266115
377908401
495537421
818901251
524435121
94181825
662572241
301540699
935003425
656777359
83383489
445119371
397675945
914273209
199981245
831448801
538577633
33023137
534031113
499312469
203420870
414026241
866502611
100516649
86685185
179630151
409537501
760453631
482576000
325838173
518096929
699655617
333587089
669962001
43794898
757968385
565164251
989663751
988208926
880541257
270845839
657084086
27366589
908525129
335738909
559146721
124959321
875004613
683499677
694898741
702819915
240607745
566448089
550868521
625261801
256110985
435488957
739549681
390430441
781191081
866375721
844923041
324790093
383158201
917589431
823177921
151059011
635184001
411111539
635667665
911674611
58276413
921004353
715114851
368760351
187866501
71277751
443268121
390369401
261706681
209367671
811748301
254096821
195650141
703195971
692732959
821306841
517959281
826682681
480911649
139439449
922343321
682979147
129892288
79688601
338362497
745607645
700054465
274971407
473579157
556387993
364240521
506277126
357577869
847972097
282913901
669576521
538380431
379360001
542763721
91654781
720643901
78859770
791866301
419587441
967820449
121375281
614562671
877645857
961838753
328999201
914003951
768632737
157048600
136735831
621863101
751955421
182202281
364824680
468835241
210182946
608513153
585258081
827492761
93467455
826043805
877918903
63962021
642289321
185760865
748335241
758404033
14100001
865512491
112791281
642883866
71110815
580965475
250645721
233698117
8156696
856577729
904424380
120885511
855689657
352687367
132749641
27176005
512383551
287333991
704248491
189080757
497226810
956500361
731357837
652003668
358722561
628884791
638496573
57313509
881123013
883259465
958375317
579203433
107562329
843463097
666779363
583924535
23875841
525340145
98219961
877711417
76549841
799977469
820467689
243184637
71680645
66677229
293812533
630163713
939099611
699390801
719097558
84369309
744775601
499839065
480223241
739317825
305016197
352662553
718250809
370488001
41358653
872323373
426969489
455045457
403093113
203279489
825804429
349904409
263237883
891800921
301006629
607728501
389155511
874834008
179318441
497061881
570343383
859172528
585964909
663626311
907497889
505193931
434819713
925154241
844783905
912946649
997193649
416193750
668903281
986466369
298290391
415368111
410802331
111976585
881010889
852402511
624251863
875156449
531246971
130922981
247880991
364858209
878516911
217845558
920573201
754856421
238931201
565218026
191845075
781243700
655556825
90128451
870156897
160697185
438498757
810622001
546088141
322025681
374287921
337742501
174948501
581242261
991638945
93108321
132747429
287650401
952120221
343232381
929305291
232829796
312190741
645326294
763817137
342220121
900509697
550626225
889039257
358064001
35240635
920997917
110474234
565957425
844614101
881320350
41259626
848046475
489298761
879300001
721936421
797330931
536977381
524288561
634244580
177815129
981257861
474069001
228150023
150137281
960983233
882281969
778134661
26067861
683646881
208430705
517097449
803904029
668543501
827087921
293155217
363640819
490565185
961112481
241371321
666667753
826411781
896259601
801161609
140493241
935188821
150311221
731452657
435946301
206117025
759126651
133481445
153141728
141041021
481930996
240234551
773908501
774531525
489203201
428197221
165405581
522659226
926438101
214108005
689565651
295477457
783261505
445402566
68652219
130617901
236603461
138876501
90127909
319800449
655951277
834685697
84058341
778427561
257196721
350252776
58931223
743361860
773187189
284301601
789195905
64215385
715365201
935546001
850740001
561829751
829165649
621786746
323112234
742097895
920845776
679975869
250915713
186613457
249841697
205120561
491881201
257827121
170269375
66122645
898352593
111416201
71508711
995780663
257956417
939485937
553436997
473561841
472662381
536801873
400266241
109943169
424111489
139006561
957752706
184688601
783240225
344860318
219640225
457668385
801260953
313995457
722450689
284875615
728636716
483475598
311571329
533897701
659985981
155194945
624488251
642974225
529457761
998976801
847853801
704052273
906766501
788343329
100781825
680751851
168505777
856289101
910369994
56598897
680037726
1812142
675440026
925537737
67459329
985704545
772012177
906910600
415841241
71430401
129403041
374883201
410648193
353233569
845902145
900948699
266901025
866765626
775280953
579721601
372898201
400546425
337281057
927241685
970266323
661180968
582438104
463597337
673137501
94959073
759681481
545953401
113353951
100530741
473393938
198860801
449746009
134209929
494915991
26228354
785967251
275800481
156999955
557797761
620444001
357206377
140408501
755749808
463073349
27331009
642750806
865993926
752775621
130925601
44990520
982126201
576310101
743254849
841432041
603309697
157474017
732350001
367166465
38789130
208862861
654679889
139930686
836107391
46286641
522953273
666208801
71728037
210997081
308238061
874378337
255112097
408818624
730875793
533014501
765186270
695237393
328408443
33134561
828886346
406344691
290750009
512212961
730246237
464854401
67825941
823405539
400310905
444681941
850801601
841021889
184318051
863553629
633434041
466792819
178210151
424315881
950648001
520217991
426920876
469505057
443483953
518249217
306975001
460431577
171012579
55654293
602451325
579486
261625313
461450849
784681883
232498081
918746921
83452921
454099901
380429995
154254587
949019405
233681993
114506273
483440881
962300521
46897358
983723121
787503491
488410226
4822401
869044411
159992161
261835521
390428401
508105843
492305601
521541911
703200297
496840001
926674539
290375137
535094977
997513545
222309071
817758626
381441
170482395
42782305
364737813
778769937
460261921
515406769
236333831
94312381
640533353
54794272
805263973
29704501
701403927
905597105
322206369
550247329
203456421
693131886
916237154
511984474
70704821
685333613
791349681
647795761
901750729
433655603
513985531
878828561
217920419
8059792
931767829
632151241
422865372
941837251
521241359
848177681
47255675
841064761
760124813
769956518
952171677
769401493
452139201
761304496
932543548
457131777
445319201
539268857
970554153
192153181
28999985
143021539
912615937
416831111
403078913
459275467
349380328
50740045
457905782
996920575
868922901
478590067
197711089
471220745
623705825
492569521
683171791
684025961
735324849
616631681
954180713
827494951
127760993
875538255
160388603
772723425
584193694
347239245
135962961
900996801
678216301
739128101
379535133
323028001
331191665
751162236
750157112
677738001
997528311
23539897
247169601
115347138
512703993
922047576
819930345
565791481
533349569
783319241
757232889
346495251
396293321
458162417
407350301
159498769
233084001
468561869
629278727
963278801
127123321
310552201
177340901
827114061
493841001
713663737
458765609
153559581
969400241
293226751
94325401
860653765
722173617
673121793
923912073
473669741
483587156
576838108
127939907
744665439
607301415
84290401
637418781
57748981
518971959
542202001
508031521
147576293
586154289
445767901
64457992
870725421
281465329
982420801
597346241
252348595
96808081
439751647
310444689
758731721
870096821
196214803
119036905
603896721
649350721
918174913
68045041
968133057
495739521
198927501
351720623
432265401
637889585
647326901
604577681
380409251
650860001
340245073
703619085
418231217
639689577
788900605
247374489
282954481
996271953
246749091
921830401
898328551
902140131
666819545
906349481
59957401
892596601
393923883
260266561
901015185
874475681
566091201
557987090
911453273
485373038
548360705
11729001
267290546
842159301
773622069
915317665
570657041
839107121
424175399
387975949
883574659
48737931
1231617
353820129
524524701
403285929
7647329
906687357
792217505
294481553
662079501
301876649
734094181
80434568
545647141
961671936
177414231
411517876
529185001
79959001
561474169
132149901
522193074
56939787
560282945
462448764
783311166
278519521
403326690
762821125
446707761
589473575
300669521
870941953
769340809
86542896
188076844
8803041
571851785
583541681
753069161
500655091
75485825
535145561
446426085
176292901
211721601
630403719
306989329
754097625
910919661
68187393
155201507
843126721
47936089
131995347
401794494
500862591
708742936
89460225
488290541
381765149
270096161
17116626
378348180
763579871
945125525
512336452
205273753
269761681
140736961
206351481
820272351
758311313
575056385
559047389
807700161
127803649
608063264
320682004
14478717
170196477
79310707
377949647
448142721
689424257
582342431
681306849
748041297
267673724
430868951
237613091
648431241
469421801
14290185
980874241
990866899
277964801
916012865
197859241
820221193
14348129
130357453
574851041
905231634
959635201
57519681
258217277
300467193
622822961
414363505
384971201
387742257
552840197
127452281
823494161
157776233
78197985
631986361
1942330
789411161
553387230
182306321
605736001
53851801
327448001
776083311
577888426
338691091
833407201
319012705
588098520
170460241
967914351
895339958
655088833
439949116
734039641
999791855
50697501
626631001
563255081
534919953
323454689
127160001
120967621
186777441
512427072
104404901
848511531
566430781
882324481
824206187
912622217
502093306
557481211
832392941
169065665
575923265
63103341
848039001
716705611
329874081
972181288
846120961
4145183
804049289
293109771
146403941
908087251
416039321
434885441
611401273
384752556
985775249
317733802
399752216
878719773
21012456
281098611
719621741
503105901
215805009
361547009
944916313
860013369
516478210
12463701
255443033
264400209
745444001
700957921
891598893
327760921
79595201
988822921
128089329
886144001
890069873
772310977
235807091
399592637
414876075
914708925
747213477
153658139
361827605
953077579
946022801
891636628
251072981
610046201
377433053
309679947
202171797
40875695
775810521
45895577
689941301
395809937
368658761
885243931
491686977
376665601
500259609
746654671
81644204
459994485
781383911
302454251
999415809
305694113
183541761
435122401
910795726
242553033
947788541
618889665
216424101
425173001
609296271
203267361
492755201
521324897
286393377
157794881
828589856
722720049
62093121
800231336
281635031
127903501
888663071
56579441
327516001
901551281
923225847
270465828
402714261
119932095
183037401
360472001
303425025
844362401
872337181
807146657
620809601
712188481
404139521
785251217
168601601
102111745
609225501
874434926
556193751
571281765
633573
334699641
136699266
918503041
167989921
281420801
5514612
55250001
841519510
992247201
872236857
755063457
19957111
65934281
760526155
512177359
883143726
276350001
354893357
909992599
419348001
337946381
242434095
248827129
641324476
228358946
218563441
808421217
430998851
78237561
766128641
111646161
879246191
454137713
551983297
193441976
761376181
769204329
758484801
141629513
410851201
258798287
650973521
33240867
362290241
794103183
674578027
953829533
758762236
580815671
945850397
839281529
229925701
183039995
377906341
984680865
315691801
828709841
657956456
768376176
684055111
184496801
468846041
260907073
108682413
769012848
54016493
297760021
589199350
459180785
832772161
96621501
337201921
138736233
89249923
539782145
865222761
643248641
384141641
121307221
533063647
987702876
981938813
46791841
549541601
735808825
483911796
809753993
626637855
397929649
346655581
512994826
482841737
428033097
366070017
570410122
533190001
510653431
5799307
239503009
283760251
759233639
439559001
171667729
842484561
322382217
571695715
902975876
855826451
528406721
191035597
41671585
755517977
153194129
866672890
123434113
746574229
397687281
922365628
943071489
918102641
61395201
335870571
588247502
136115505
196908481
920079041
308323001
10246401
316808209
867235241
263315771
970378113
12321025
726469021
633353787
450416621
403814753
423347565
491957056
642716393
867613529
537581936
616201626
202583025
749594341
659581801
336678831
790639521
225650670
958520961
489663281
225418574
853971807
326776001
795765377
316857857
2042621
486887501
653917801
561280274
793328065
787723181
701214005
300226086
886986801
857404401
836418457
115695241
957180821
293086071
786285967
260217729
865541811
551648111
418705684
557737409
919767969
806832058
268289457
758445451
840614705
672443681
205324321
371122461
296511424
409376317
454981316
323097226
786649959
371000961
316270201
69234633
400780545
36323057
692833861
210359897
73793731
670360105
392506457
853941768
899118386
885464065
488121133
554677177
799764401
891751713
926876401
400253741
119791553
44858045
971989201
646507311
476207180
568901361
938842318
455305481
98859457
94421841
455109301
976638397
174950001
598851393
551078631
96598161
82618831
780840565
648418305
174088601
708636725
710042523
312626579
425095771
226561761
739890789
263221729
543539113
788719361
544102305
595925633
964774251
497098701
512878425
243224545
941346069
740546098
228727629
645641011
780138553
498624809
667714961
961063906
948311846
769225001
950993329
292430837
757168138
68639801
713861837
185129308
962154549
528951201
563494173
506081705
224410345
911880025
288584001
777789891
179693327
447862691
676269001
827417895
696679588
133978105
131417241
352539571
613750841
531514963
937608771
978483971
152578533
119267761
26789536
92027381
948165221
754515299
384449383
502154345
531621746
254826137
922782401
333891345
891500499
515031681
563432771
989083025
728360841
527912801
113112216
468629873
599181809
65409781
194695803
826462273
514000379
278351081
766368001
788936693
725618481
763864065
587116361
530591401
944928435
811737253
811691561
351062251
731263681
238316201
622098651
347004849
602865601
749429705
266851329
823683451
594343383
823792385
835513851
151610176
969521161
633527333
52779246
972683230
542633841
679937061
916031753
848351786
384999081
96168309
991201441
242519556
462584487
731241981
183937901
326462726
45787249
212336905
492408621
717695938
631351001
487311461
726243203
797990401
949644537
752262431
160699649
385769541
927330957
900192779
57735468
182201487
477577101
90022001
579117091
947472499
842147368
606841338
356231297
822719619
992980901
850069309
927864001
492740515
517724529
686237141
873049601
801095201
223025281
609298881
776655977
444598305
782627747
317725601
879934945
743291121
300526077
770017171
888811174
275245977
838412951
957624531
626642116
972953121
88716278
410267196
505429091
411011445
165841939
460684326
653594831
521702521
639329241
492445751
567211077
330909096
274217217
334514613
423915009
740104961
69114753
589900295
751982561
60447681
117416957
421439401
591420901
168369911
647601081
248678511
684698271
346654821
942296241
884948721
464765851
126612709
950024451
944192857
71045341
275391393
899721029
40894657
778088911
82755736
770528231
426025001
747480753
178132441
21944129
678975926
596452169
80584886
716439867
563106685
927130077
522433798
728701121
471156141
552544481
367446925
422582401
959000985
142406941
217616473
191775409
166984565
79516291
912677004
23570273
116479489
255905601
533152785
880654905
393500303
403851067
639004795
11021101
655374961
390048513
136173335
966588901
389832069
924091321
963984449
306526947
576056638
541435026
618533501
297655921
598761399
474452341
174263401
5609433
782118971
228396801
974460601
274511857
366470201
616913451
807475821
504867841
442698017
214016689
696792197
466749577
407539309
479975736
65288827
373938841
258911175
15220465
953597331
86091809
607072151
561802241
601314529
384750541
405770101
586918873
271040273
394239828
6512383
899627380
910957953
762293497
430748061
804810514
800101375
981569397
782534269
334024433
379623701
462435897
931148673
258148025
924259185
720450777
150234669
937855309
465727297
34118974
635481056
757661166
732156833
519286449
4921785
894536101
7390361
403997876
221257001
763153501
440875621
117447241
727109901
27304250
375174353
576946716
893839681
2966251
146330005
668775737
665334441
537752257
524824903
95290676
918437021
147967587
568761665
249332001
77667964
896099705
765247285
806183553
741519457
201784768
288185421
84270001
236973452
545400149
449746561
114144699
94719761
411401365
883890771
258421403
13348131
291685431
325042361
835532421
127112097
712876433
249755177
732306861
768065923
964281951
545237401
469431201
359795761
850471968
365674801
282096205
524423741
44336672
43114401
576045741
975394089
1106795
290211467
850742529
663080243
389451901
85039617
58905623
351745421
722729729
396184065
519260901
337086787
861213068
809742701
983026905
804007841
75484673
873143001
517946969
354034296
282749786
260925137
19018641
455295963
17277921
586331266
430133601
325643843
355613861
231978177
227572401
709351937
726921201
645339099
147368922
265744641
645350177
79843523
697388689
966061201
826624829
610592876
120993921
979621249
846989105
294280509
458706985
323569621
911328513
879386501
227773441
271976705
968429381
216530345
292342181
920156011
929226161
205816671
512947126
314407441
488070081
248460711
340957449
183768741
587207781
514877351
831149301
578828281
521897985
1967105
563483189
689719761
840010517
433572265
128312195
35206541
94276917
789763885
155670801
557865089
191941441
354571355
247865065
380873031
341248129
808003195
590230597
131048643
390041025
345497351
333242683
498187799
360948978
531795449
177946247
13393305
449282479
802558001
799821941
351070121
643208113
797941761
55335677
484123619
518026615
171816876
453725330
398234401
508698721
669517779
336301353
285684641
2055441
195825761
134937940
349549601
302084681
177929251
641822966
988931977
115812481
454896001
607661076
718153087
744646009
371291297
86341633
406765961
781009821
180753964
239107626
689641473
251093731
724750882
355345969
448561002
455964821
630484328
379994753
207201681
372840409
470171092
120108481
786590801
139850011
664520187
233734897
478695119
945894904
611549249
687222187
552580305
435418183
7546601
667423801
980154061
481241121
119277810
358328721
429840319
733999121
255756441
622385970
653230456
904413321
98374301
622535325
723120433
820475866
238908396
837576791
118626400
614094637
228642817
645332549
198457601
548291345
497409793
4221625
902932480
61604135
540208729
722377441
305630661
612639251
993117513
697993313
281634926
897226826
416274945
444123468
913350547
423296097
304827965
889864415
319566555
943067133
297345199
798290801
443684881
794115561
932853421
419501705
876466187
746675613
703980001
980428801
188990931
962684001
323088718
214641685
800946601
387163093
916077905
161295789
652251197
790924377
357799361
301611125
503958789
288032961
222023041
400265145
74444801
308081901
865719325
348077817
186911701
171596357
565074886
165340335
475032857
177062251
788133751
776240881
391656251
330933017
548933036
638863701
814380731
688984217
392433921
702574993
795436701
286171741
819245441
177244913
19074809
564016294
488647139
37804801
381093851
555006272
277428865
871742561
167173851
389489314
648607517
899001676
674717210
516242081
843897033
558561233
744831597
63206113
772659905
142807319
593330745
190248611
55903121
733263841
143216501
839699269
931362921
950879473
677703297
284041116
412244881
325271492
281291609
602359513
674133173
878071689
857720465
895660001
482311601
57685623
307325626
24623239
20579073
960563655
197792001
860495841
951397681
432951251
537084910
678109511
838507601
405578951
779239097
21709376
232086600
820304031
379318101
910152225
987681016
91680801
372577361
911265005
248963434
139088755
281951585
185124949
418616233
754886401
696911761
747878261
927601061
16609969
109020546
456056521
838266469
446623255
581554037
757075373
361063649
348296251
688972321
562643351
364959376
84967245
568656933
718869313
890112881
829561601
356755461
365125001
668923660
507581621
10317651
407810949
352062491
99202177
100901545
953249603
564836983
840550923
510094837
348258697
352722721
414173137
201120821
218194721
23954983
842367301
742811321
221452606
281780465
728361951
826787345
263348865
568982566
947851851
576744651
643672041
50423063
923077025
482394801
374901385
189984401
516418481
572407701
67787845
68344957
674195183
439134632
48307329
927353464
790427673
96884601
909602081
900364049
905432723
960982293
344397281
39686285
613836417
895390391
98814183
367218381
94448419
224779901
272026045
271174291
981372961
613999801
919005153
371644417
170277681
607481074
106775169
661166957
134082401
235961013
829411196
642913324
254832549
785673241
145834941
135624391
91882951
181070913
713004753
466280981
504102301
278941921
797531351
546956961
784672657
309788306
535136521
311344769
278769409
930659373
414235201
917165145
557567182
839469025
792968817
502083061
217812481
693625121
105055705
999435331
370511297
506691783
118593813
861631316
764537293
842688061
952846889
662808071
679337357
119250361
377872401
265068353
171343358
679671501
921040897
209844755
828107561
691204876
384012605
718710481
407488101
262241281
282512230
308542643
477509249
277761345
22516141
672171481
990758833
308800091
185218977
630878681
258749334
106279749
960993525
467923733
935897501
694375661
966897911
458647801
469777701
701921671
765419949
945304593
847583014
620220551
317322387
698331601
606227201
58813843
431605943
481269725
216907873
64936771
194208161
861392167
379152441
707897217
932897151
892955091
570313681
694266237
485547531
537724769
575494949
952369121
532528441
163576909
113979521
560679716
986351760
450447967
802003321
132752113
941692341
88013301
173082059
1971721
801974368
693033841
596705121
479569633
138943795
93030577
264743257
876698661
728573291
485038724
159847652
214909121
238796101
650378368
586292991
451212441
749609659
497538861
323144401
495504169
275378267
783308472
298721003
788544211
630812678
639817601
351398424
875116363
932335573
307931837
386993587
488807551
118465041
923500831
326050001
595789569
524562841
214022201
83188741
704956643
627164363
639404323
641519828
884072321
815514841
833638657
719047966
39933163
326333881
675770897
801199285
643290311
894030309
313851161
320219281
64142269
220473751
673386945
148213351
865431435
803255105
883343301
778355041
836207003
579185725
271212050
542017749
374891081
479546341
947212829
555646251
973743801
53480575
156098987
260296467
889338208
264150676
87898997
756248801
827272129
461100827
63389249
747005633
476972781
321750469
388140201
159344345
171602625
156972263
514914869
544275201
76087909
968436786
793687001
432221701
268843942
385152671
562854113
864647281
827148009
802985001
971475711
330578592
564837489
990521121
480312964
474587913
882788936
864141249
836666811
103007745
160019545
693449953
864329133
677256021
121680182
233103009
910839299
518734081
514383281
540545281
647417959
852058706
576486985
580376561
510204421
496750141
470652633
956223301
674018867
700903601
516210081
667424921
29428737
628899841
385180642
373298045
911846401
157056902
735810405
963093551
245411336
484577641
710497993
332276396
921474979
407314337
771000241
538627676
188626661
282028469
513217601
411001601
964642611
765166574
826563716
318364949
601558535
357144801
672677903
694629301
892970867
918011301
389917001
765847967
473827177
888671501
682068936
290896129
948268669
830954616
54321281
846830081
344701206
857849601
436273338
411159535
607554449
668021585
613593481
299689985
241358981
649257089
352804801
670183153
540777705
643403001
50187519
158022569
692851265
494336036
866591321
704289921
245996964
542616917
356753121
43735976
841324777
331075993
171923066
129542515
465478353
993893870
402943581
683392161
994868649
203519649
937062401
678190566
432726089
818414921
163166357
439831141
750392151
866268825
98199073
189046873
751386497
99698960
315841485
695969401
835830431
995167425
505206561
427544161
30188669
832598291
104257981
360495021
971353161
891951001
647052465
374004551
467797765
278751
184603729
556608895
687536345
979674925
963446865
614169139
317110873
656367847
571824497
271292001
58572301
36078999
20546457
523921367
933411865
270745567
617727379
165821121
857809639
651959649
823905089
28450001
37402361
139543601
619713961
54988413
377402433
262216321
765021594
898449181
861006565
36009601
275827569
77087765
32463849
413047951
32319382
682932825
764761541
200840833
153985558
376036421
792347377
427842801
707080041
85151041
443391781
181796041
486018965
30594321
615456225
774764289
321467601
488096571
442350977
745284041
779920577
882933633
244126533
444555601
570880261
584643361
724885249
525442841
361274801
952647351
962034429
790982251
859672513
255913017
213573461
734378487
121755353
711649065
699347251
207948476
572773611
65357373
916773841
8098169
433411801
563546113
251639214
672508681
136059121
322466473
527593197
583888181
46195483
598222901
982558177
136626177
491132401
839951041
393827841
326440001
443318716
337681193
586988811
224258065
152492733
830946185
927296591
949957460
900021665
238083339
813713369
698069201
32240151
41128121
769138601
136558423
469429741
127008369
420854601
86556773
869174376
83844729
28046033
355065881
278086601
804615571
211731873
836860865
30367689
478018801
441660598
935459065
493084097
138537381
755519373
221826238
199789088
196827001
631188177
123966363
494460433
832530497
690812697
757658651
126873127
75342401
514197473
897841206
57571129
607611425
696320829
345726441
934308741
741153641
216116993
51712443
174943025
343735081
445264641
412436601
653294021
703596953
14550369
396188917
748227401
403313174
183136465
82534136
919938698
224765645
812192177
390534241
777542743
762175177
297893781
436345101
621926801
221676001
809177102
308119457
258018921
828322327
261090081
121811345
577189394
784677401
214387346
240834694
837914003
845655041
952883945
816161537
503642733
22222133
594577041
87595331
650332593
215418901
224619233
868963343
168596551
618056731
74085974
143952641
282788581
696528721
565590065
450978219
506018501
150709343
129277551
174796331
234721921
140053257
155639681
768168046
650045549
256510775
594046825
184326529
892773889
103081556
249105644
719113514
265946139
439005145
383579581
405137653
681373797
893162046
206898749
832825361
406985978
325270866
439995185
238524611
944131983
662057605
488694766
927634235
493264001
479989313
79505366
259965225
356244321
982185217
789825394
877771241
387008325
597987751
370560083
881964745
450358977
684361539
917496225
93556501
130208997
930286162
131195333
650909001
888008044
621735433
38219635
54237993
745338061
953891265
399991597
437723151
375382251
435585761
893633249
752672556
449979681
217209749
467930417
36306337
485960321
136102657
861318889
654827369
151021441
968310905
529833347
418190925
848327611
282756225
773282916
968985715
880438961
897376699
906762865
903973889
250381221
828122961
679282020
151388817
963673601
391311501
363157193
526017129
955208431
579108411
384827343
974120953
497880761
603844581
600280401
42277641
678026617
20488761
621497601
546386281
366457949
194307841
152885353
310686977
498750901
62468001
441378351
766598561
621596761
525715205
238122681
253579066
649391601
88132929
443157580
428489729
577613201
573080673
370370465
567751488
80073087
290771153
519720161
362667137
871605181
510740601
442706937
272111749
556807905
163658101
499020336
194057081
333654017
627220969
37971606
294443206
968718337
824582555
801976025
822398985
297703955
145319346
225536497
336312001
841959396
484025901
556724201
458263137
308748141
646858153
892023876
856310931
724406673
543630849
656077503
997950521
726045661
188424719
1352617
685235409
61830032
617147465
34173801
665728001
545161185
447650456
865714610
748506846
124914561
276173969
721177336
248307417
357400191
986009361
991717964
483440721
430567596
304274817
315900551
953964581
424326657
423756271
749089607
821477081
52731697
992413276
160328590
335200289
231721921
233460589
568704876
650706251
817383601
877696393
531606449
737479601
797531921
633244732
390605873
133408011
196436626
746965660
51021985
438225713
11561681
991405917
410734378
922558756
536753541
782259824
856657197
704795409
956343201
757675841
715661439
569761715
589284101
450715393
408913409
128289561
92092557
412769880
771526141
74542117
590004565
883414806
277867641
21307501
302544917
458029955
969955601
564699658
289340881
557332979
357749217
370211301
290802827
606649257
78617419
868645650
104278401
700489941
35602205
85727617
606308825
155336065
395126161
717154273
530162013
169917384
787491201
82060865
987204057
517059533
437154556
396308871
397126515
361839265
95278657
267641388
418920368
357534520
289870432
943321881
401833537
280997317
163179655
578691865
772733801
916125617
516938435
357709505
462002401
510276391
895214735
614348053
84106432
173265381
665345153
719178241
99314541
979116251
214302712
450406081
638259967
510457601
465684376
192824769
182020001
927913991
112614065
294393153
539911922
700200101
236994817
63199864
819456325
170730785
787523313
906501769
145029980
807261857
9192645
701169
711938331
21948658
158336520
691530493
620532201
975269837
784574531
580723105
665310806
729853761
54602081
340725801
733212791
921588679
588442797
333756179
638007805
934675497
309104906
520770521
786887529
450992501
307843408
865231005
841787901
736188800
325365415
321749305
971020801
181989369
749447437
347044321
350998501
720276513
546570241
226263561
865090651
891906161
583615041
231001601
442232971
21275086
802819457
51956595
757456753
602652071
82844981
733130081
523617251
979699250
437067297
182805693
722079809
416836001
81109231
570206141
217320700
242651453
670352437
831376049
858700961
607683649
242630965
88103339
399049857
920356799
413237241
297811777
260942007
125246065
935217979
846331231
658381521
423997313
79814457
494231041
485829601
46083265
525086001
999330124
828754241
725444621
178926851
140947297
579407873
35561861
662027913
441629938
559415857
488266753
617584831
211826097
910717161
215958310
221100251
505484423
330565651
240269433
444215151
774056401
618296104
834100276
703404931
878986291
744890389
739227001
713876281
951188902
542869681
918407169
919153021
968586241
26730433
518550707
605091101
702101279
265476713
729101201
530066626
322020101
410129313
316594201
432921751
67585875
713036865
698096789
736812726
963078051
18549977
841276801
119249901
91372226
86627367
952263409
283121921
511477526
818316801
757281313
417271223
703435329
236691721
471271777
20466001
865712221
209313233
698018736
483233354
803303679
478905025
908936921
243977361
473920801
496172215
377191561
796503405
195190482
351037265
116835841
422862201
422081833
599927040
509978329
614803361
533422396
991975273
677679501
255625721
658292385
255745201
9095809
635147846
58049497
341004421
419342017
999168057
618778556
231406761
777603177
341001431
996276151
14005901
720265245
480310001
122836049
219574829
159071577
90039201
658771936
560340737
372211141
106156945
180692849
89117697
995012762
688118951
158773318
152766433
86625631
137315251
241557801
153329701
384244721
42160728
203961601
762526951
951027873
995076617
19459969
693355560
19583265
421259677
967927950
119215457
336653857
163382483
506742385
613382209
712818017
258019243
69253781
111404661
891108525
15382321
45116539
50328521
992206881
166857886
192503257
481937049
835308465
403787769
542546817
716874785
819361801
980911047
77988706
234887997
972538451
865179601
176672619
270318619
943080897
654463521
362504456
436482370
344721175
360144601
524133385
723965921
804225176
458965590
846603001
573737203
784567456
934377093
540867489
950820641
585186068
872231541
944644161
61463359
756131097
413724875
472581121
516206121
288651101
774428305
657082011
828807451
641535101
290454361
124925461
790020001
481277732
397832801
294005431
134212257
285131921
532987201
50223101
506179605
297994951
28087107
985339191
8016852
620379301
371345241
501518209
942541596
750205153
673812221
41390507
739164001
11171771
323797002
683255137
832247176
30553204
347685846
703091419
765910681
766335345
977588989
510256321
388188566
14331217
591418199
24605874
918368399
45343233
290548097
279397676
97857105
517801081
63916371
365480146
783217851
324903670
932465903
486288761
215225345
622422097
417178803
387185625
521288613
402903441
666051191
432038238
515454613
200098731
901010053
178444985
794578217
699900581
371291871
316935425
959130681
410695721
753140711
343141841
611688889
538612866
405852415
761779221
48677551
289073736
932931001
457079297
554770485
569416561
498346581
901383315
769141087
534077701
30392621
871317276
162860815
456156030
128051566
895190657
387106401
380531
626803353
880472639
501988833
435309057
527173729
426691021
941000726
886082977
406317724
400774325
932224538
749592257
157689501
809873139
593696211
736885249
866435601
817105717
911635204
586382283
48840196
282856707
475572865
695520993
360439921
124429547
272542476
840433926
554473441
482068369
895087191
495080733
287880761
732217481
126618976
182632833
62056961
129633667
34413731
425398719
373331749
722304301
968450997
328223181
466574401
572580785
815361097
857679871
349958611
283168091
537330677
465072641
570728137
57720001
916400001
714280705
910402227
101387967
127586817
14982989
232149451
373511341
889018731
856291859
781828857
125214473
347731049
624472001
112552577
558292581
420288731
510219061
476260033
3421831
972996417
892803753
90842833
310627521
726229134
832454473
632450727
863822769
879420945
817869695
441864409
787117881
202678185
335787601
407460786
60616144
236541805
270595201
764923445
621168706
296883841
540772318
78874671
451484353
662337857
958576801
990067565
892727995
957839361
326241101
732866145
467264612
790975846
181251457
536009501
183997761
526375729
944488671
643677877
316437186
165971201
819737575
31207401
882772961
192728449
772368681
511694447
65962956
164953205
135214859
783668137
729895065
889501745
344200577
2024761
718384026
653011501
177665530
303370131
198552501
674013201
713577872
121107171
329870503
200060801
603526513
932805892
673625169
390174701
667388961
836370301
333616083
236879713
526387471
87499301
355032751
953432321
414784209
946476001
816539001
148612546
65364581
70048911
277746941
175728289
790607211
7753553
911238509
135958001
454764192
778946525
659898841
907211001
953158829
314274431
597937913
28318137
130369297
540659355
263732357
344838661
172759357
868397201
561772201
391338161
333174001
222823401
128397193
668085281
439146473
129325105
347310569
222164129
768471105
454925617
182175746
625611393
452033534
712751417
27275101
982384081
685626571
944832945
193801645
260215713
732822473
636254401
795146111
947566341
269360941
914056507
518999933
120278954
529946001
759119151
800594576
797779611
603269873
326116241
843426951
674732023
923826026
328665161
270199205
696769761
371631261
153698805
706629406
778245291
745538201
968670617
862636721
285327449
86820965
135575061
687458011
632785013
479766531
550272049
19894841
582338781
711427241
716464011
406784881
112660027
906215606
639504031
655990361
409503386
460575261
753344261
192640619
182572519
99621971
994894225
658605044
927970515
483443861
95611201
522943361
635336461
26375617
928756865
473583881
874930541
130529361
708831001
400774375
365426005
110681951
62843033
691631521
49081113
495835837
895144961
540086433
792320507
118824651
771032901
30065761
362886460
202638417
717960230
256426001
525428601
429425705
747673601
946614417
745443251
869506873
239545153
994032545
571246615
408888401
545025691
530745601
147406369
120835581
927951
767183313
91520841
834670607
467311701
629942949
301579001
300360001
334142941
860072721
691167681
742966849
738032371
749964489
849105429
350015711
534053111
530816305
588542787
865560242
639711439
247668737
283617501
396204116
433541289
617066209
453592997
624572511
301759769
944626867
698929921
150479241
274813953
800288121
837125601
490749311
414540785
639705745
456660449
722262531
430209370
354959429
581513673
999585481
125533849
369225501
174365626
206095145
914995209
143444021
283332993
791417567
940820793
747624881
519249001
621901721
908805121
925843111
907902321
800186095
966935669
799178301
522766441
999516181
262645249
701007301
107081069
550932333
877671617
792894558
347137501
539662111
612850889
479789409
636507901
706038641
564914089
113408001
825204259
926361969
263045633
625226613
955233501
400738613
973814996
991631086
18138563
507097601
576070689
46019001
377230287
757307551
226691680
3428101
405962541
136259837
470831521
674275187
869458121
756137301
483542673
876672001
988037889
190288257
464487146
24060445
557091291
185259185
190567481
645877121
592991521
239469809
78158309
819670916
165031251
566514405
207660801
177917559
412546001
393422321
995142751
489788501
850154606
501784185
231631801
195111961
646249489
864131306
434698199
950959681
62581281
536121369
642862401
59190245
39182721
426640201
322874201
283925761
346568241
608056401
965352459
45143881
173132481
446148801
926749251
961736977
359963301
584974821
497581217
13030551
633248001
787431011
477416281
883578895
200016001
187816065
841050897
677028809
837477081
902991001
758508361
457493251
6527493
927763873
410676015
135365681
440750973
286059521
104503393
683685201
432048775
599640377
19683881
615930913
559821029
651593111
448506901
49148993
840794840
773106721
202006541
698089649
316867585
835886660
159527617
785258897
432406329
380218801
131924447
218279665
69933241
607771301
616119447
794297281
627113921
162377246
653629233
127548649
603845563
861577281
494038063
115744941
806609756
448865665
529573215
50783233
871696353
775523921
347548913
598797857
428826179
551353621
7871685
25386593
728827323
488318901
284945921
817433361
275706483
24283201
94987393
671821515
408078111
226177701
408749103
546274206
806696977
290754015
213274473
912143301
209268209
688191361
129096114
549330403
686732185
147150511
409214561
122112661
291021257
585928367
134669151
485842815
685368880
683553601
939377121
30064255
493736126
421926451
74608973
921496001
842677337
818727241
813441114
492199061
991251521
233699177
864010321
922104081
398898731
691443105
956557185
579540097
70960745
892227993
29483361
229527376
112522941
302560201
873892513
533256999
610755145
56286082
280454369
166163691
421499381
524206197
351847985
948886191
986213045
224882101
83587711
797522801
186875001
797392287
95648169
30124769
505274929
362739345
240307441
835428049
133083681
622972253
899120273
35323585
855142428
128002697
39307509
246611711
876692751
817479401
97702657
397106377
905193841
82387251
802415831
478281481
900429297
45516505
618872321
75846461
688462065
116525369
359590193
515921884
793040770
942899601
171275681
490354211
407277211
998311771
64811201
628639476
942442541
311147817
503579729
631587276
855719201
919853913
297220343
493520137
76499001
365387841
739867185
813781385
965664001
163286441
267277511
22601685
881833313
574240584
684176486
896305421
381223001
722272001
547494433
270742081
510409851
760492163
562784387
791633657
941211289
627287313
26417951
580164961
304865301
859760171
699591901
923705249
92943686
218413501
536489693
511740832
601166653
431094621
392199761
451469117
491576897
110392281
983911461
160591361
124554061
839193139
136023313
187306387
984756021
458708871
646071071
368658051
272812622
454362625
188313121
776167851
697740801
532258632
56954258
359951965
41734469
482860289
355953391
555974385
453627425
888381001
341144597
613031650
650632521
748468587
978492513
995926881
804290985
968172573
956621441
642905826
195621409
249091081
683293741
992550111
941605867
267486271
928617981
152202896
32358910
461736525
648093001
981233729
345223633
328866161
106590901
425630353
503559231
448315661
302372581
14132965
686586139
995027801
410191553
922735366
307974173
416947281
354172501
18592525
84131841
246115581
574495077
843386881
906057743
567635501
339876845
363373165
515112098
660873041
901471871
820221185
252815851
741416251
214194071
721954321
782972073
580743295
399166041
700045466
667130981
896927385
332191969
56570385
765505897
496320001
128596919
220908241
143624785
494827841
249798921
575642961
452040901
782024961
116323529
988637831
275261191
627552829
640731251
531083291
374338721
640268061
362639087
965156101
812160977
828485121
42907301
15463167
895600689
803156491
155832950
263158465
378589839
981272197
693172721
380833221
841880515
157120086
73703201
122917441
541728681
424949831
151596126
251948287
667193189
255059741
659560257
501769921
512916499
621505781
850668381
867463105
469473537
387200353
286190609
396921601
94843033
806463601
312356233
208553665
704673401
992032945
304350681
717221797
180101246
445629385
321075201
41633451
52737521
503272001
904162385
199298481
813870201
622884041
199479571
520205701
240085021
799663313
328324601
47925285
230997921
953544273
976292977
363684961
886421854
960103937
448148577
182667521
242526971
145019381
53065999
883416933
294838801
903357835
728479457
306798593
109306026
785569463
828662627
692066785
113543711
837355297
301617701
705113488
450568681
659282401
802042187
983518376
266158286
611705089
487503273
712184817
981809817
754087411
684910472
767885953
501352994
560984281
186374906
603756811
743658881
740886651
667942991
450245701
557707901
420144721
453064401
566586913
314392282
894682381
634613201
553354718
747746001
401910173
990450251
13736953
619249471
304496273
130040693
9139881
695718601
867554298
991614296
710000001
452607187
439659881
191583391
696919311
672928037
396628321
677587777
732307326
883774005
804471609
768543681
446541689
15894679
894474106
121787003
606775486
33764641
982875979
584925733
995205010
314558801
516572161
253150001
577893633
247711201
770625473
329175809
488075124
693720069
286404861
62192869
507957023
188940891
671877721
977756601
277467087
917240576
5062565
323733093
785095321
86006201
82471717
441225217
119991381
51285429
153526151
848822657
665052161
2862001
145625937
617363391
880157731
97723001
878002689
500263801
317165151
668520401
933917273
773867436
769134771
95873169
362377881
639479641
839369167
459545694
8065501
636280635
111711473
528742025
961962369
590146897
641458351
797146951
916012449
389231323
286209005
601249503
281948601
199509601
105995969
422626305
986388246
298531276
214921384
948074097
250736513
457817276
28650831
567397919
753798145
305814801
218091711
447523081
570244345
376978299
139177401
11452387
942496409
373213041
246841839
736842057
53394524
372219561
746128401
53832625
773541326
673021953
217531566
102027055
439629821
784257869
300683675
615009717
87548661
661468361
812452161
927316413
851237337
977009885
27120545
245217601
533330291
902541596
118789417
133860433
562200401
342670713
70364308
714047385
832066001
831856001
369936801
299038617
662532545
644803153
573148393
960847001
178685849
375885101
459477053
783202081
763644597
481649801
704695931
540682433
129527321
158776593
152918935
958077939
705109025
127112001
687442353
997440603
239789057
322006601
196013761
991067369
263634697
869547951
903764351
77637781
623016321
758717141
402554533
664550721
578753772
104495867
975223905
909979681
963595457
850824739
611577715
426941301
706481681
75184266
952668791
882807350
303586806
72503471
134597245
486403025
352613889
329633665
836288481
148739681
116975001
537960761
725600999
453281494
690672161
614390641
728377797
561501121
524227973
733076077
446894911
813183241
958820429
70171375
847060203
683767029
949710317
463351433
403218889
3255297
498697617
261356233
841765201
933195201
988206561
663290191
231822317
854987885
365737203
631269041
851265081
293294657
527185181
865617697
624479693
954513483
474543476
231667701
527924245
30917589
793156049
738591945
217008841
950085831
115994065
448867201
271709121
285861493
65345693
130658355
493054328
335427481
740787441
285845601
527563561
132681401
533677509
309077969
631107940
488086401
569005381
343957901
37516565
801332679
285677217
93363041
306762421
931949353
5057381
543270737
339735355
836402305
97507801
525869596
683459953
705047786
923082101
902509976
178468349
62055601
139529701
494903221
691938961
908650991
459114345
741743751
525255033
355788703
686056673
562926580
45944861
915985729
683238010
20754276
619946331
708987621
463768562
841038066
284874401
360630041
657020705
524264389
452264921
146343501
24345293
900434681
227387391
308425811
378892037
824288161
220583681
132156105
713189930
410953513
445893137
408071604
954755137
933683743
42078121
22143465
2755085
510688369
424018161
946591361
485851201
312058971
195333001
776337001
132296705
949397831
787146548
74717793
538252476
815315983
818910161
343644257
599680177
819009501
458275581
819024930
802525637
63918329
40246797
585739291
307826567
60834593
783050857
970855001
586517745
587642001
125809485
149349357
153240889
639068606
307305437
963009295
279864961
106160649
305999489
424245793
105936401
888899709
15186897
333165921
357512417
725637121
577095393
113470841
282430641
826740935
435149281
130831163
483602551
113689037
86071041
769225705
548396005
225938893
712825001
187770251
521646689
198191001
190866817
139180241
920849365
919542273
411193705
329452073
460556922
473061274
499140173
571345201
967775033
223506955
829129665
346924901
95663185
905311921
473785833
603511689
749057945
729809413
597463041
158830721
735214081
503791365
153451540
99612097
130881762
104507777
123800916
750115783
958901613
141127497
363299313
584304641
232007739
798412721
310317921
349271841
773896790
3979241
756426245
116461601
915520993
483448081
343180292
231369233
459667865
782944897
429289577
137055713
207926881
682753189
948259620
505631401
946571362
270012505
696892957
773503297
424193331
494661641
785273601
2582225
533522569
506332589
438246749
274870891
251289061
276670961
795464673
672222001
508699221
832093751
696144541
728198125
20836686
610461361
461970721
470613001
598596651
145959413
924160641
491588684
837295471
429039501
37653946
453853251
480444477
118403919
237120121
663953129
686485253
672463233
522819617
294714881
224532037
751972371
772598825
415865841
338141729
669321797
154619049
916285953
942507581
675767601
393335553
684900481
562412126
847972021
589423477
974639417
390930309
502961921
614222782
240116417
348162001
756073865
532663761
444438273
307101649
663590845
406744945
970296421
533822081
633112729
91654721
650280793
330331751
815498100
97691289
370960141
113871971
653498001
491740771
3515101
193864665
541765158
31914401
443369171
539244584
877283101
369750945
894138801
486914721
340473069
766943533
310006873
500628827
605903157
901275137
956408321
363500929
316630801
250988751
919783041
597884981
219339649
753307765
959207937
69964801
768249836
892027137
527816891
304496001
160437599
267976121
788554637
48053401
752415971
630930657
397974569
343257401
628769451
367585973
575882687
523297341
316939909
873036931
218592257
948996251
981565945
557801341
242574570
930527901
264244230
638595697
675247337
721259681
641567501
156411009
968382241
303412001
540381356
831981345
79395798
858609445
148286291
301813153
934218241
583507001
881234301
438062401
960360001
987420376
554351205
691747585
722929053
734610121
7051129
173150433
35079848
730951021
525567457
368841217
762664961
88683801
850291001
428600863
562568264
185306625
701460609
362559339
189677296
59512501
348258021
720879601
957091847
575209531
492848685
178760001
383500301
413392961
383684209
160750413
148950071
244639489
618877521
126462853
641838129
561248367
952251546
562389329
970616301
522617359
778635281
480694011
84677105
438928815
827577580
589428945
16533797
899693321
833893611
289801262
651910657
672329071
26934961
172214201
527629261
780682901
297754123
946810201
850150335
595436861
790153381
506166509
958237405
152643013
603226081
378439297
148966668
463865441
991637981
136578293
876286081
580432170
871902305
241833393
912845841
712181341
74103329
425942241
17652875
635476089
41598061
78512534
484129581
756012900
43233489
236357533
863772401
812040001
687194309
733749201
725791101
73897
852066331
474479251
305205231
211005026
607691151
234575611
77928201
135585613
778067421
722099076
795289421
953213381
588443171
376368385
716778301
532295949
196955017
966082821
907167569
930681001
732996943
85171677
112132086
734850453
526303993
360387967
247020541
599628664
87534210
859362033
384367281
651830801
11903910
897968721
569700918
842009025
360050048
583712601
223473341
553531989
66734691
305038541
46796301
496549161
302891629
136275457
458937601
837767416
239854721
135793143
451885751
691334951
268221324
47078953
533378501
996954525
447329876
418620545
989734337
179071791
64619945
505895843
500957792
637617665
425348749
266303280
462465061
294995071
229787303
97052137
984269057
290085447
311107798
464388419
900148329
354276571
400772045
242047833
319805217
53956501
681773401
817544481
648826830
373882369
461547057
630890001
714223116
741907001
699945103
559230501
346670407
714475201
352271137
943690273
769439225
796332801
104472601
294613296
753638041
416030041
993152753
723908891
70705688
814412421
837654249
631988181
634550795
420059985
697976275
190150359
758586927
927830308
561326753
753897681
670186161
293631149
246785239
94023501
963530601
504764541
545518273
31212161
169080121
313639921
537874369
127510433
655587363
328877553
708562257
971296973
495149261
790388021
465944161
368039705
273339924
672702535
478255515
907392881
155771801
534567561
912846865
979549781
18277129
746650241
742432847
5116975
880268991
951286721
925794817
357947095
678718761
878992641
183276321
896450751
774371476
242008853
885332497
205589801
851767409
180171201
992931361
800175305
611225825
80284851
489331099
83147523
198194851
752668001
604704573
989334666
400068567
638137896
977673265
397251865
287001281
745133529
777639042
356543771
454968913
487832061
549812086
529578371
753137682
787730544
40298921
776665741
922148691
901727241
353478185
983874561
24240805
627166371
552203281
59160561
915299076
75676365
725650047
825405761
635632913
705215153
849502921
937315425
284937170
170147991
806293749
561040901
582809771
900850701
448153401
575813862
688505473
30951473
250004504
71772408
618716109
214301789
303903617
149766979
939555077
873571861
521740001
469399233
760268105
241928651
35882910
387777437
784869169
596387769
158594085
566366165
161649641
423943958
31716731
98219761
440051
45713421
283367521
810849801
26366893
824462261
582787665
263375729
261114711
484061749
65540300
506421249
969263020
141558001
703813121
909983041
42743713
334853576
948735916
305675147
935343350
677504545
509760009
721834425
867000161
922878677
391768161
163456001
121529981
386698337
34915841
149216441
806278656
688602757
101006716
760361557
7925857
959337251
969845871
169757201
225373041
235564225
483179176
471829793
229742251
837156689
306984339
941344751
254873281
902263201
178142921
193993751
791259431
122503069
725507841
718767769
58768673
455040689
183697145
525395841
440560718
9928661
257453426
280029305
590610869
306957089
140458349
555352771
637365267
288372743
534736661
906602620
427870389
669003126
877029121
554229727
174885229
416066801
161285069
974598617
854396705
669215381
608650876
714215211
578813507
191874551
44519641
536445707
879059713
82197051
869047953
471861969
537235645
339920681
534737729
317597916
46156778
289155033
604036961
755052644
691056425
323841091
322316897
13883251
441230001
152617853
232703561
795003201
772719661
556148049
722022751
746736873
394516993
95937393
882676601
208486971
439986001
471958825
399844066
109428918
674380001
906730001
930880001
537660701
492462961
191606225
76955291
590481553
616126565
272326001
10690656
487870049
986940714
336455047
31896373
278543285
385178409
802832641
947214025
741399593
91759521
253498625
61075001
287870130
669494505
804009257
383676509
171740084
350273921
466499273
8123521
321975841
375208001
349294573
34968041
784186841
364947074
85944001
774494971
483923326
736598201
331653909
479526241
795081885
244547873
209543161
525056181
999927741
88405249
740193641
893954401
949016031
403072312
513213889
630805625
772667881
382324595
715531452
374370029
258843023
545457017
706995068
160746881
684157906
414720710
776512349
3735041
793430577
732621655
156355881
969483713
746284995
637191001
246816501
926559867
615348429
314113761
319634037
538215929
654673677
240634473
459278721
855581959
315342841
464798984
518004081
103412735
930203891
580772721
848966281
905510001
407857766
640058239
894448049
385583436
209466629
466440131
707815076
72798461
876244801
357037062
36103186
408836016
180965761
680435997
742713877
256448130
579400201
804576645
427815601
775059437
505943326
526819065
354877601
107353225
49447681
519007257
949266209
570431641
33601763
791487869
612692321
200409661
732097457
503547108
196754409
747621905
599798001
272086579
257834353
390462353
348054968
488057435
513486001
77382065
976110851
840768467
379991825
600873409
758058521
85330109
35162049
919601054
508042113
837105801
579980065
255818556
100523201
13975361
918651009
132947327
677042386
535868881
630978137
72875101
630916441
731520289
427964949
780017085
713184353
946005701
482974858
563952888
412543617
542993633
408823995
49911021
231316481
937694561
540955817
487646347
377103801
854442425
409551809
268955721
159186475
819599031
678637691
463255169
800670557
834392801
449488401
290697381
480978201
286184513
680506241
967026201
842441901
894191191
703547617
422333827
154156761
535563526
119037035
939500848
694670001
158829249
925582545
108167421
741480813
868508001
402402701
898114927
394364513
35089938
642229313
834713577
575536813
3913601
490935046
646943601
256825509
701481801
575506981
772012086
858581625
369605969
591165511
22981636
600496905
925036369
834497021
471335776
113058297
842419831
140467126
893294173
817106973
958133771
800663153
927147856
502969546
53983771
475864965
274580709
559992126
299673909
920407776
438401216
387470981
930188289
158757765
613053529
175538401
879910401
488027421
17531761
393216571
99563344
606454129
299831190
972696801
573270657
758756986
261051585
876631005
922646913
114801659
811800321
157574241
31790709
210282866
856461105
567456917
556641288
460752833
309400457
661329771
885583289
468461761
518549201
838007351
953258401
82630717
136100085
352176001
631632296
501014539
442578321
322959501
350934217
865963361
210977281
697593064
163601843
212410901
230174977
366984069
362268461
191434261
138655745
27187331
549979649
600212511
798184511
219951543
972619526
569493143
77475288
440463641
100134769
184741161
732714521
268586801
398363841
108977625
828343401
455611145
232116501
693693777
846119417
24452331
227876001
45068073
582729441
462977123
206484417
477106515
327804601
434954001
977540815
838565985
316228441
162027183
901121297
392608193
409727449
919566509
950882401
613963581
268688487
275604993
661593757
678143345
652332481
312411986
829986710
322893601
999838253
890248401
352916226
940849457
942471401
587811305
146633201
710902441
931493453
443371051
531214401
698378373
256414981
811195096
126735878
425633887
437745249
689111765
864083651
323456001
876581729
180432657
977798769
64456001
398796801
102468927
91596021
450490981
113920001
682080401
929006129
464730077
460778401
769095743
742133425
578676501
950466001
368666110
615641186
761748737
869075217
844328601
640406851
990663201
11025591
992120274
797356609
27186678
891270537
610046609
351990797
43538801
14556021
426436873
681037941
881320441
758899101
820501126
391674231
679608838
357360731
578638025
259224601
55793901
423646967
713838401
467564870
662255339
612235821
370270675
862014251
918486529
450453641
851639961
925926005
444292863
444351917
498379425
2887819
129320193
855894151
231871481
39885115
703504501
741509633
794472641
660970941
653099123
479344921
500693665
123355841
774935591
174263413
567706495
803725911
526844761
636073441
359622522
715109837
186036901
894941089
855170721
652263113
716314633
568722821
766879481
951868386
306244277
222480569
619741624
709137359
497865151
470066601
730176001
873839153
259252021
988566401
546432392
317443873
177433676
533394049
178525161
484604001
717080125
257849505
244665746
679563151
808402482
865202621
122588725
949158377
87487389
203489267
850032001
58212870
5211489
596985033
486459113
871459665
289740361
965795201
394916151
737804385
140654801
897272251
318201431
603951126
625824701
343632945
210148461
114241671
150156201
688072261
210361537
367506561
560117833
422014591
423042086
738296008
811884901
969700417
477548801
376903069
828680705
481798545
118522385
510326327
21931049
145569499
898058051
286998081
130972869
421626151
412743361
373820001
95573271
471031521
198465157
995453201
318099881
864340721
768124636
653085798
157580061
450310341
780056209
772770289
990621071
763296592
85463169
37728651
93960501
655758359
374559621
71470513
622863922
792884449
628769765
462298961
387110903
273900801
143671297
288730836
943843751
822247745
765047419
132210371
407532801
536181914
384396861
451174725
185556411
28349207
566582241
715363949
167872961
913033866
387381873
130359201
936833190
868700097
572696769
246155001
934342771
253541185
119376999
128948561
251669713
7536641
631020476
170365201
803927373
54168225
260657897
898228193
725460393
423577051
2394187
147863543
883118031
96510601
184472081
234342711
148410056
950333101
651970641
912530001
679937081
753290121
516543717
779532776
768275091
606585821
696758340
53024751
986312705
580603777
597555701
934897091
496549451
286492501
656413126
170696673
556297681
294386371
772547521
930746273
586271921
655952153
103966869
558090327
656448745
599454841
740454734
260537597
511660129
290241041
731557181
292933817
606168189
737073881
480248481
166241736
614192179
123119019
479693837
861139161
206260961
396249841
620442381
242491011
311681889
128837281
882997889
971604001
91891291
120379631
421582025
372230301
102138141
831433011
166033466
109009856
109487651
28411331
686046616
339950081
743287046
706574511
757555621
727232179
587991658
82727489
841023727
956897201
991724301
9615291
54443734
148321497
253832785
28944571
556532737
31231841
34327859
196863108
112160673
294162945
908956321
215807201
250328661
17538376
105869063
479446045
823596601
174307827
755872901
532666481
384983551
844411901
719077933
971467197
83944081
203577073
292063601
949886561
529766217
493428465
532436993
503537841
575816001
682988147
427512911
336448193
653229661
707173972
725173281
712872425
680339593
489597809
571150641
220090591
863318801
673455281
126034057
452413775
990482033
480110945
341136761
803731825
160842273
335473349
210287606
433178821
309172481
430401251
696581151
645386433
716629869
771583561
551673225
950510081
838525001
482799109
453556181
202726751
252699297
993665181
542909557
654692641
379720909
23861076
928600889
320549473
913950301
436453121
541824038
993157561
76308849
969932233
440178729
976415921
515545665
517133825
285093799
742998161
951984111
740015491
762105372
9792981
814068321
326868470
784259436
867994821
867539244
359441251
113247051
272010901
788003101
507782941
167333199
154586831
669863759
389459905
839262401
768236363
541550161
619669009
474623467
275203329
130975551
902159651
883264966
841443969
23135709
645573791
631294177
392505114
377900857
135232133
632443521
886179671
300936801
669487853
750105917
590239302
157413066
212547325
346667251
460881336
629732001
975432534
824524237
771087281
133781680
771556466
483393985
107684039
858518801
316880071
205466269
378771261
848580671
715983591
554090281
449107051
109061404
506625801
845489185
13722419
881927681
12467001
313151245
49390205
711576161
225016001
191539101
746177521
719991761
377718280
93702001
669346385
721988389
20242225
801507169
178801316
329192011
905032193
283032505
549524979
920768513
753378369
842454479
362888254
153195521
540635829
62914881
788276911
506176459
261525115
596531841
74061937
816837501
232266571
664360336
862452401
97806957
639800257
579944593
908175105
723968697
164233787
865341281
912213721
17273410
172022273
249183135
182358593
649643449
730227169
333936825
938295201
278820981
393299893
405558001
506943081
152184841
350266625
464846
433552001
796158165
957878537
885542041
725474141
408610933
79516517
423315541
519677399
891982458
574972561
5013761
235691351
760621251
506247149
72765901
772600233
660546929
122952051
197562780
11907293
393537395
354852935
797315921
671339009
60296561
525749121
503704753
849767451
489836983
298492468
528993
700628589
798727157
888713769
608113871
522572361
796717493
67965859
921429703
438543861
530819864
217405571
949358209
903568413
884665201
558803397
389129251
801012611
798990289
248429736
525335681
854977601
975133419
498871351
177543201
207712257
380890657
43416321
17020801
422306078
611477817
770039501
499201061
249988957
797840369
163153777
292746221
991206785
263652491
844193057
759354177
897035897
140571441
21672654
347335927
468558776
388526681
796569083
660060609
635102043
858691261
275039249
242624001
470646033
750516481
388885009
779211471
609266241
820911465
409047026
305430868
348468829
108724368
656319701
783498417
946131969
515750313
541885261
329750881
670028468
484754577
921619297
428217851
516471681
118795553
810138241
534117464
156000593
170150301
767396577
211559509
73027809
752978513
943435509
125266985
700725701
112198641
146834625
163308721
689277593
187790501
410432526
991880016
424042869
121755993
658388521
522295079
829403801
224394481
750588261
233394305
452903101
478070953
799265575
988340169
457814273
498941601
679915397
814058969
257498433
574372721
843038521
829609962
918468514
607512593
442869421
551229873
904843037
723771705
710250929
305578496
216563836
239825403
601322509
328660641
679029297
893569345
53368051
110489226
362826971
491305625
878570436
953868201
101254369
929268501
168282535
501857331
543167553
525741021
422887569
897651633
189926001
343360545
500802873
590032801
915711702
817270823
682928641
277470001
265338236
581429641
113372923
935309436
267201087
547676766
793636863
98873401
66630441
578803713
398906251
855000261
585245521
730439857
161314201
492351633
78306243
610932161
997228201
200507431
180111993
883213157
929401345
788060216
903080081
374686879
642913633
180067945
930961473
637225876
65297981
108939169
780573334
420454785
603954809
694282977
801574065
5985081
980214065
180496387
286099869
839967780
716624825
126103441
585119561
911045161
307691201
762321121
874877121
174684609
952981161
202968657
746177011
38025749
753223861
565015275
992837321
447121501
841174200
669598881
284210319
880291377
702703891
918178723
168279185
355744705
941280708
498466557
353012165
17998396
5908262
385452641
9333481
900161251
720080217
447748293
304307081
131565373
625007481
442799147
978971215
666776361
668502521
76159698
22273522
212441089
276139049
127699953
187687029
221868001
134468179
528727905
960052257
752692833
194306473
382164689
514647281
463779111
233055041
674229491
592158301
815936801
882734297
875553854
598569827
803017381
66591361
295499041
893027283
910711481
127461345
568787555
578653519
375900097
670976635
421156033
352321
530901761
757569585
55485791
746495801
236004993
953595413
551992581
972657351
906219281
918537473
771043731
655892481
693153657
971033301
408930181
867030089
75154475
190856481
95037121
13846917
998166224
174932161
868837495
755319201
129129567
140368821
134391631
415565083
533774161
753589673
516797021
919560961
948479921
574713445
159566001
820084377
35024549
945656713
50792769
550563281
329897553
847223041
483175041
115185881
345967777
296811585
938908151
572804854
129460851
673945791
936769040
392567026
201677169
113067641
955538004
64519576
936389601
505458681
592636105
833017601
9973185
169705416
721757651
226720176
972733225
239339664
193513152
485435053
804069601
161618611
850228521
126746721
79685666
971690881
82721721
888825001
771510161
57194411
255126005
964601657
676622801
677389817
42226661
208760661
760875826
750006561
43950629
255052799
914947901
418083193
161263372
347736571
206441785
427527078
381371963
19482267
876604625
700231521
338498001
664909469
447108753
140884801
101558051
27204313
158506753
700277389
122349881
886566311
772635001
174361001
650648051
167690209
932359921
140359196
715778691
195634177
842865813
654684441
225848833
467270417
673627905
629801441
153372577
112981521
546674061
43303133
985331931
982321797
619021705
390155073
493561401
309479021
285449473
195382361
178954529
173830421
534828476
866422113
934926017
204119441
558826501
625620801
297773057
70332573
287387562
688590877
39192185
738260001
314590099
403108445
788799746
358468601
819026113
475734393
32882141
668670839
811576170
42249901
909798001
508379949
676878881
372734721
120127509
500924313
47537421
562380741
436339223
891369153
429461809
184608942
346200737
450118001
707249973
942061409
158311956
702037905
748349871
66715937
538260841
849628491
215430945
848108781
135990396
736000808
673113457
923250417
746222567
748583379
578423841
879701414
444110753
433272753
674962776
953260249
708289951
497918081
564229761
321924209
322947623
160160009
62154301
241861801
76478977
694769281
521969523
66558765
318492613
894799471
773284921
1965689
937713811
908377996
626205877
306018801
50254481
426102817
602953727
705878347
545374009
4301601
961688875
774504001
447455681
568303141
263316833
599313641
175267587
262711585
553335109
251693861
776851026
171008496
496910867
772071371
922326111
730583901
40222913
199036436
832605133
547060857
317017033
184216971
86480913
312929905
539539659
801574501
605920883
763330981
237173853
3095003
197056961
655561601
218761134
585437627
382456961
250516129
167846401
118190777
650225515
606968448
864356419
826758081
238232001
57431539
300447841
398393493
427810048
90815383
58224401
849090117
358125121
355239041
868636409
573664001
765574181
222366205
749991521
878457201
235734897
139462454
786912869
646140849
297102465
769453361
469057666
630560600
345624853
369074941
72548402
278024005
824883905
415241785
232310441
618581001
251071516
489266001
791903092
253062819
707180961
591522839
830562201
288312101
896816709
123012961
304062801
113485971
950051301
996524435
919632501
721716515
474798649
300215333
795007771
384860329
159109825
320254593
809239709
23289393
288064807
706914441
746689631
648831441
543787201
14092941
446936003
975003621
505373096
3371435
228631021
871485089
404232661
550273809
837086486
236136301
131436131
150462557
687341665
102679685
136288654
259410570
645465633
9930145
727577221
17620901
761568751
393348441
756912001
641176065
199032245
832834201
476299937
315676998
533545124
875363065
25503300
959534721
858879085
15403907
818097801
382177721
578924052
29183741
315414297
94092561
901080089
529464090
61223961
437715825
935588579
692954951
278930401
355696081
139282305
715420957
840914077
341105401
465815972
738649541
991750721
895314511
796182421
130809101
369916125
128051351
149708417
709104001
420061751
695128541
369933777
656811779
50160631
71736929
528472924
450283025
723677611
129311317
835496865
156299423
644656271
712513505
727744457
291563793
310948641
729457898
713834901
995388801
239439361
765053649
673602401
433067201
399221761
818805503
549015537
399139929
766195621
682796835
522115109
223398119
84143405
746575361
35846169
705093976
420745081
895944121
151215826
831583187
543582081
408390271
425725381
405847645
965922101
132693761
569158001
74623793
659100001
603912501
136511545
660225521
661500619
275474401
650529385
404072467
864897281
84833361
49145052
144635905
266539649
974300013
360103001
249453405
995554737
321031398
573985537
480350305
348755553
113735961
891222281
567720243
586432401
556119301
805106623
212220531
19785189
212755921
766391809
208421825
80448321
264962401
902828705
387922753
394129951
639668287
737806886
588448207
402461909
683038045
687219585
540632805
311658263
167025281
23075941
723298613
704474769
487038375
718442581
370407721
320426
770681511
934031469
242803745
62541637
438986651
424659536
793845366
371935361
529420477
184364345
596167776
878413685
104694526
401443435
996272641
717702746
926874041
507146038
827406648
959198041
933774913
1772789
206529095
486660171
703417121
474058681
303963633
831408241
197905087
517581157
466116863
249200711
105992401
226040881
952169941
493921877
806934593
539652737
300501032
364980543
598987016
480684801
951308801
40012991
785956651
977463685
623524825
841752021
177585281
570576705
912850161
521687121
190102051
946555821
383768092
13385049
341166001
721829731
632180626
134644897
399818163
368520463
615830113
638434077
865975825
191331989
301786341
899862025
348309062
713342651
601459411
862187535
624357
290362741
522796809
905494421
571498001
719564169
241965917
376622751
235761316
875017173
432484297
157025513
916584300
638107185
147482997
837313281
227284219
995013209
503851583
131383581
307343246
592284961
840457417
749502728
322261174
44814081
145649953
67378241
124844731
781355251
410924285
625889961
12922141
105825495
503451501
686881284
862242049
126010069
79105377
300367188
795794301
665308411
965831796
509748931
251443841
56058481
936058449
417818231
610374913
247414247
835505601
868129577
142082236
587302241
665776352
738341701
375361281
428829556
851797361
116623339
196010761
178545745
159426345
355750591
200032513
939247937
395632497
44674305
918093361
733529851
320782857
86115661
51427961
733756025
434126945
85904909
863139176
148252233
579673747
689155429
980370201
445524633
96279001
525702657
557967745
911252585
393497207
546124433
317569523
490675041
404893667
381092081
663134893
625505876
787434101
660310111
393374371
689166721
116613281
709399721
611901076
715626241
464611305
752043577
986795246
458898391
43698561
960772541
990983179
744971679
482587649
289956937
28260185
165192223
877980676
345474859
513723865
640184705
209867960
749582327
537513713
662641
579553817
814782401
523096191
30796785
298860505
675790586
524794641
741494621
318540417
555153097
937666691
751091821
830631189
701348061
586624313
59379913
755770001
8814277
833637818
79589097
199640673
890895587
702887473
512747921
38623025
544893269
327899353
335010801
522988510
827720157
868098640
572295489
919681872
559429605
313682947
128720667
463864921
511717921
268476436
145539101
124116977
800456081
127339951
283071769
740227551
836889801
8435073
146262683
487507565
882289157
133401179
615341249
217510761
907362017
665772626
852057601
76063489
129571423
638061513
566995351
328802909
49897561
779771505
551714601
158027121
311676897
87051492
252158081
422245121
94000833
779353388
493557281
469353073
724378696
195019325
233184001
197732401
457990763
735784893
385892001
291863649
996658421
64107751
419525137
281237081
454167026
607325741
593911041
491539901
549812261
602653317
543160001
487189961
147873021
826756721
39899041
642891551
525161361
796778807
458323714
934356157
368207679
255992413
465700663
620568001
448542816
318033647
94714465
853581521
562656161
229601745
699636369
573281549
200167601
834970001
854490273
461177857
229192003
667720491
181809727
208454821
973569473
236206889
184057209
985861297
469680325
361667953
641823973
279237996
159792385
871158181
353525001
870222881
773397865
53387393
69625025
823867627
103734853
305828481
871054857
135458151
695729281
860528675
249433811
550215786
223362427
771529374
18556189
47082905
364704145
725472013
42587965
859066133
351239761
706509097
422929780
523634451
702954164
954797953
398609089
376407873
888078561
745058229
191158121
354563801
192185390
618210481
382139231
691976721
739824417
680467521
443364894
18795233
691252177
247355601
114167065
140895201
182440033
69396915
366050233
629049601
831779681
106268181
137178346
458857317
759543465
783991167
666982201
53522401
368723857
179478493
983800001
879056769
291686641
824445601
379529013
865345699
117192061
689120001
59686523
68106721
232543360
492606129
644262311
498678241
385084941
182375035
151104416
499639297
256583431
734312461
415383441
649169633
338839057
838113381
675693201
185740185
116471401
901958091
184653041
824887233
534568751
40181745
421848201
771219481
827968097
973114881
446760641
47347905
634836641
967917329
870104192
124939521
881252161
495128641
21491913
91302241
980504425
475174031
844832409
123029231
781788403
303229585
388018501
835532836
751261089
87926897
616296417
725954121
919997761
530917893
936081441
362617481
445459361
968924577
635298241
43398381
571643649
891133441
173267503
409707147
530872745
980522761
436729217
713765469
488084305
662938161
570251901
627985766
825535361
882156963
507897021
750326525
855090401
336046683
679491861
822416951
942383201
79287023
144942751
161199883
935079977
895022171
615476609
913414503
699223041
577872841
752681861
602179326
15123617
148898879
631183028
235349337
499221921
588967189
744660602
325936237
573724371
780570251
32645233
304285945
879892441
166194001
469273124
431033921
876517775
423871841
11267633
852404477
527381919
153568201
740618671
335724801
47645457
586235505
232751201
310889081
538036861
1122193
243280087
813548801
223531521
558492045
412550531
722179131
963768021
869635046
75107729
548763329
270659211
190847122
231120481
50262816
907365569
637320747
251850001
521774261
408392449
346101493
339646301
666186961
667335809
962719193
914230161
461400257
667415391
536541601
433009319
330095841
32577133
482899011
420637469
248275393
819130721
255737871
159271821
314165817
25124825
265301201
5468376
874722473
478094217
885838497
44175876
694025881
230629927
231447791
356657151
455330811
639950001
135021851
652282721
864302561
605846801
459309901
574103344
506969761
48342001
879330933
620470051
66464517
107886081
966236545
674176161
885248061
345476289
889046701
230968659
999105183
638166481
496940651
248981031
345434965
119200017
40216529
268213501
432322846
642006425
219514001
389574965
262741161
859018801
736350641
70016417
387770629
200954881
805373249
811856701
947446953
306601876
736884365
501047916
5019701
132588281
731264243
990273821
48505345
690010048
409192281
80426711
772831272
324201651
146681483
9785377
815465323
11304242
715566501
719188501
936567376
285754209
435675141
52373583
207813416
65928343
412197901
362991357
600993335
468685746
808678801
725299001
135206145
698030945
469439329
229692653
397091041
661496721
826207533
192160403
121482641
520870016
641598449
605797681
450930781
791471681
587430761
619675585
995801249
807468321
729215265
592594481
745544593
727281465
41011041
300284444
200200861
898777673
442092001
158077681
763766573
835644606
700496731
109560193
287842701
866157946
104380001
689129946
547996161
317044057
991280985
857788191
963009541
746266056
682769843
750506385
407094897
281521537
29755001
165555876
519276729
139001296
272295017
248033274
902074941
975069217
477941689
573505185
656078601
916123385
585214521
529272953
795146693
643574657
176447801
93586801
79017413
315144001
656456769
435780411
908915201
26014401
112217361
842667500
214046181
854309611
702299841
92172704
676868513
902051201
234515161
811315707
211063251
226690471
797168866
934902493
420809857
723417693
906407301
477816341
411710044
151214544
597234177
560707681
707423301
914307849
633190381
160823601
123702249
827439497
366264151
384264705
225214059
933522781
414236491
792923503
611909936
735545941
138742426
132220673
352310801
769314701
406873169
519760221
804974002
585901441
847094641
834636721
197782111
150134724
344313241
82743041
715149521
5953793
301849901
785255785
879058937
549748161
37870705
513088745
940736706
87959833
132208076
153986481
692688111
322277022
431926701
289978229
115539921
647763700
152805841
768669513
446760065
618079945
532067195
420861689
378218561
396816261
167143789
801593001
653704937
595162281
156692693
454562296
853621409
704241201
517072587
424545381
50680847
717011333
351114323
356430320
495038311
378345057
204342913
914052857
129894129
188781537
27997511
11402483
809977945
484758961
891173121
761948601
513422421
631536969
65444315
85125681
671030891
203209517
251104321
373061601
361168588
815396001
255561441
431916639
301071501
110584181
757077921
384149761
62680131
729743601
985520836
535933517
892881381
270788801
52141049
975447393
699134261
867436109
292212533
894940753
756142081
197066649
393113742
409261608
634750001
389546989
877313811
778427081
182853829
443249025
985562577
383423145
907830649
192947001
239612031
248995266
515262831
717699140
830666569
146377173
369209057
356506209
868545161
609136401
137153161
113796312
952176861
795342143
342422681
966347217
458547965
330815409
182057409
568934326
816206025
376456391
94568317
731293741
246218921
539607585
42495281
802601577
435608899
682466753
161754525
735923039
31182305
711270077
206873761
608614151
789747261
509416801
17677461
579850441
833849418
665362721
880421366
63561201
530437091
326142169
5143839
806898951
393343151
274870031
211026353
227275041
341736281
273734986
643118001
740160205
373921934
556237635
988797791
571540529
539703797
130255662
243510529
650631681
933854234
940610333
229598105
851131147
650845857
26222981
447780001
644694993
533387737
586195351
746044273
169583001
225537561
181566965
168657593
984510617
139656097
705103227
568391209
445093716
396168381
796535769
333451601
883047881
559128948
490362369
241272581
354468613
830138986
377800121
93795986
603962416
818489201
835962259
38160301
264814491
77713641
693415101
911298801
283103761
160085407
755093201
58904306
465813961
733272257
91400157
538009967
365525761
533663721
831659809
619438593
646984985
791578053
932407133
701657541
292303751
476064213
673967705
762044011
693299501
111009911
782315901
464826410
778144261
434032246
985876981
947220061
411203765
48072733
514777508
553375001
461625289
720635745
116170256
219644001
761118381
100513121
207480905
511058136
155181041
245235553
49762751
481396726
514009739
832568453
729020353
117056352
756074193
352998881
988743249
352219801
952093561
355798421
318519379
608559151
975310251
323134923
355837057
890005121
188021236
552376369
740324001
253036289
889305340
979021665
341461001
21182777
224660701
147216121
624047673
331264001
100495665
739855376
711623651
172244308
87489801
959138065
245120310
120618216
996472463
8916196
366892201
464661841
943251457
332634291
311618761
591159701
29119293
277189043
575999241
384014501
498096431
707379909
386254693
610275001
466136716
574606876
553045677
244666501
990031555
674757203
324260326
290678351
86243410
366365101
764914640
569790261
227956417
865889025
98701001
762633781
109079251
416243201
720490401
442567231
813769121
638358601
482497941
941702801
426735781
106860840
108867361
331574758
473627171
543458051
226753311
143899876
851719205
296644476
676534361
350556801
849892721
334717761
137853661
88340597
129484857
468893505
511824349
428652958
803677649
810531329
527289411
654983681
643024161
312459401
52328345
685462944
420810173
555617811
415857129
753666217
272483521
159405345
675910633
642228294
458671401
486885046
482651825
558888841
266960777
387896779
300017233
905826096
112931201
902359717
253969365
73316703
688075441
471494376
317865543
643631441
930522601
671561341
143412553
645887908
320289907
390992810
205765537
413353661
175948577
679564551
623633305
715659735
285000737
549004897
78513966
817773033
945573041
136180001
176093821
283591377
486573781
252048561
122637949
95318373
416471501
564110641
570896641
802539124
832852797
492716488
663621377
651394791
816517406
777194161
215239301
485509005
202500687
680305457
226047217
916865273
962155041
384013441
231472656
954853681
931420001
998646601
825579359
847364355
286280291
776396926
660043176
351208631
426920513
944650181
553453601
391859841
86093541
576825961
194057791
436719449
535812161
964955201
221268778
858438448
132134401
859084956
214222297
180300033
881948777
918512101
345916001
810584801
843969783
449190953
682266401
28024001
528685033
750048433
992262913
629965921
628877931
398469537
22121925
252670041
554401441
339519751
867125289
719253781
274307125
285639233
556049801
881353921
732057089
716213441
296999153
835334096
291401515
102968869
684143766
723400819
796583949
955970165
123592057
587805826
929604865
103719697
480817249
168355924
131131873
529853037
571919601
868766093
349035597
35336356
803117601
734230491
808356926
946298185
112507451
804028705
14489705
846357801
911130721
159677281
671818843
970609798
502400121
893041280
83408345
863503640
247283339
562045980
546230583
828683241
859075131
504195265
198672765
281133201
816607721
976438521
428855625
171874165
528643453
500675829
764310693
146323503
130378511
451131797
206698477
893753937
64401403
307095835
305507224
360354945
974593761
397382697
136494401
526972873
204292489
622108999
557249782
105825281
276396351
24367091
251663450
219843306
342507729
454939285
3337951
378256183
98599201
595826821
498534961
831419553
664964181
191617881
165927541
484740169
693905841
405164337
673003277
37805081
808389506
449687077
985588512
924780641
44292049
512666843
247884401
450678651
706692801
195395494
153168876
229706065
533034311
956672729
591952001
548785701
787954301
484533241
932460077
407442751
783667693
925588051
854884749
229610215
606748141
30875951
298122161
495745121
119004919
93486721
348247781
871987553
628232809
225131495
806076645
60609153
489286973
643004549
439845489
170543925
276086917
269483714
490678241
255275081
1904789
628633409
863805826
924640495
350439801
793930381
828410057
863039905
645329150
605527161
953412209
565725219
439045837
912029185
499588721
610216275
83107001
588022237
588336105
885249131
146045341
415418789
818452173
183404493
718286017
796800821
414814169
857376705
654839955
468373201
978110001
767667729
524424396
615811081
19651041
90005051
30611561
584010001
319920565
683576449
782950389
34465576
228785025
351201221
512446370
480309925
509877169
797077927
205622599
879832501
516427201
367374721
885467121
621575689
12579469
348104718
624929457
332102001
105524401
842176897
14698529
242059047
667253889
772729985
793432441
192510566
635916161
155471861
560760251
514798726
758859620
765620865
859015957
412913046
589123350
619787101
297170841
575567740
49654340
661674191
608478577
523554541
916880931
960880339
793764491
234380361
584932189
630186463
792786433
982990349
805020776
268015601
441125486
389060001
849620761
64177674
387712481
356325105
749638369
827401759
507151626
180590751
491649921
840544937
604596801
425840026
763565459
31220270
986087726
680538625
162168161
370013313
715342561
709427940
964186673
345132131
506366155
614243021
122168065
282548881
861640145
732626801
49759376
456976851
725598145
716354951
479871281
673268037
577622772
912088941
734823921
712360001
543108073
719382113
897365295
116188033
569133370
799964929
137164876
867757401
934351706
987376801
869046089
66972001
515740321
603998719
626151161
375316185
756892481
769956346
684301435
957176849
950274009
10211817
299346689
39397601
178635319
185909726
182783771
422770637
547634601
59914949
546462025
395307201
745823600
476817193
801402701
351656312
416350861
90504901
978339930
163309151
45737585
32811433
581884857
733498201
98572289
834324014
493246281
191422451
920346645
101062337
349356001
774029249
299801457
180654891
179480001
73773753
35042860
749905697
37661553
793170547
394753
832187385
658125461
868857761
279356929
23737857
989401777
605611995
454169525
385653193
612420065
318967337
567867721
301346277
641037209
605808486
417780581
926950881
317758341
371147386
958242511
107511568
941972119
143439561
421032761
341723301
90355108
497892536
626915481
681056001
216595275
704699301
251111161
301053331
195347401
964380161
896314850
828292745
152431537
668475353
699424701
288502401
600440641
139230145
200415203
412795001
790385991
947775195
956283141
51353457
974827241
179867825
602234681
271798141
915252841
748461201
958737601
242301901
782522047
151245801
777636793
567062017
259387361
818687929
368617323
498637795
951942065
383299593
855414235
19233544
388373981
778353901
334949889
546560425
269757873
249542881
266033281
231635137
186471993
525439833
702693416
562796401
116651305
462264429
989188931
402956012
155828401
833412545
44175521
900342353
342695481
236896045
43070721
830472825
911201133
144773663
951544769
318590401
706964044
733447169
230229641
930050633
734698945
658808939
629891631
200493033
194651841
932978651
206139201
125255761
111820233
446564653
496040001
927354437
896196681
567577876
241636383
857784713
524196465
20696881
709462101
178993209
616913440
17309313
231240349
20721371
777901575
724745013
988014945
190474393
425331095
2185427
789690193
634277085
832651651
305526721
321346161
898379487
625530351
590752636
913925245
489302123
212877465
298971841
991877281
714606305
460532161
39575233
489838995
78035001
908723561
132776524
878512661
920363629
466627649
270320201
212299521
638899166
379892667
545082913
258617025
276324801
858192480
67291937
528320326
546628301
272197251
464321581
895196626
753171665
594780169
212888743
474899631
490218241
84892577
143610033
536214521
697093699
779710513
532211451
642176696
438446753
963851521
215514325
125835613
658647649
166163481
925382361
753455665
307088001
751958441
79560943
107890657
865977021
843827115
876808921
676053191
635858402
578633274
167801729
94266251
734557001
478488751
338011229
758720791
393642641
62623009
954354801
717770401
991334017
986416065
786177691
841681605
297864801
336527105
741786751
157337753
544516054
822248481
931221401
233624465
62378007
930852101
773285977
41178493
79002629
968617436
997200473
367594481
737005879
464347209
96405449
611797011
336890481
770393821
341010851
527998721
87369866
164874241
25814513
153742979
736765886
682375697
373487471
313659275
484071187
768863476
896928071
239346120
432015201
278603433
762280473
68538881
957017501
71251161
591543721
802051025
663558171
513193325
441908247
370391921
47242297
350386961
916128907
615491701
605091901
465280001
397232957
299027201
876728951
315981701
427426228
448916101
796734737
654540545
105856786
611052969
955843836
983664645
939562497
53750469
699149617
89307969
298094924
724467965
598688889
583802493
774232721
537800881
434130753
551392899
607058384
22622193
155597171
375198126
576246981
649746737
528009209
648257811
916834821
503010501
847052739
669824861
895419681
961523891
195267601
141196419
766908513
965587315
638909121
835482161
645010967
969889031
102290253
999734401
332932081
660965961
569997129
197360497
976860673
390023449
946208781
38018433
427284329
867174881
955072161
425371769
123568001
774991913
268280001
387994201
243822701
40562287
829876345
352933877
541864011
736529489
777832103
385895751
327745441
980969409
116474625
289541676
325903196
392466497
913418375
328422785
408865551
233717739
114082861
558053871
285565155
105083777
13187553
451124856
497226357
630051455
927057769
318502529
420187141
362275976
466796393
644370201
699942281
806295521
903114061
118707769
397729889
155523621
349357205
400085031
562554981
511323050
995246055
56443261
632384995
582615046
72499766
406248046
61236787
337483801
157343585
981866361
302075751
579553807
210701521
607441866
62544681
921290851
31152401
685908701
669879253
582648119
141461999
794836693
80436041
760143041
87193189
176020001
72294601
99730017
855541367
445670327
759597575
739071905
262350177
520036193
515075385
17906871
802993159
496753311
934426369
63705201
758477121
558477001
653066973
281618426
694868001
466165561
717405429
173069501
815040576
476512381
378881867
502143365
909252333
164980351
202777449
874083041
403247641
2235997
311636145
160777101
642315553
990791169
223953721
128171521
627236865
179177281
426166841
270146961
268908213
88122801
613025569
590960561
423616051
199685105
468354601
21887049
2769887
353875457
714253519
728883489
190125507
463055461
273158985
213857201
207399201
965016605
963660881
632093384
356980801
207230451
167303057
700895393
603798337
952205151
46596093
907798769
933105851
188994181
480990457
578526721
601665071
134325761
684307045
906208726
188231577
272783929
375880705
133744769
573311537
328479455
304289361
25516801
8046618
489225156
293163265
598355037
2436521
547848961
4358961
316946657
850777255
971156297
901137513
872700716
330725853
698955105
324514581
339802036
555380277
187469355
826561371
946602572
494050041
606051141
822258745
449847681
693789839
721179501
469980897
849641391
166611841
955194199
170623361
541504081
728504009
100927092
858665489
277127681
29583993
949916601
562686497
433782377
612242049
628417531
629193441
896068361
656284857
994854991
620401299
691894121
278174009
350565881
830702049
156297361
138093121
108465329
922115429
335885676
437812445
496385409
119763561
340706126
669198273
32795617
858074589
445309281
715864081
317656271
424123017
350418127
790573563
205988609
794753249
180556001
780388081
96708361
531227625
831445633
961934801
934315697
173536463
784020085
698038169
481413961
344966721
819765919
454936301
343449601
419592065
884650201
940644932
233009721
600292091
283035201
143508587
595337657
40890451
303399933
460909461
409139457
765471077
637982155
236799571
633842339
17533617
612980741
318540421
358422566
405572401
433148689
737554496
132383766
502158601
182554941
413255401
107456876
93048461
418308593
634203525
315864321
606640489
103421835
244061389
91514401
923357306
857620639
358836841
117369047
98161313
130573386
837061841
477697605
652476369
980727961
846356375
547317121
445227101
546276951
880870792
908527318
591838881
778952371
147122081
121511301
523410697
843797941
44230841
927143280
810024453
692054711
837095401
311275329
600167464
961970081
377345921
102041201
697852023
274219639
416168601
458645441
490256377
653381473
122403345
160382169
814062721
588835241
447247477
869150121
703867309
905992394
69898497
334761519
809057479
137433509
726628201
237381545
851423142
767308114
10466001
323105337
40644671
146144065
70413421
345176393
262117365
320681585
719909465
905765637
756640001
81180377
783335141
122090660
772895377
410095025
63935743
449490411
689508301
831990501
227357057
191696983
26196001
15407345
296810867
698854401
717790945
854253269
126692065
229179441
815983057
851501081
422338007
258899561
581191301
332984741
554324706
815223691
499317251
26868481
522738366
650175721
407873505
61039451
190471167
13801955
587230239
718188501
86787291
910988929
720412901
394981761
325494081
357361729
800278433
989932513
556958097
980001489
881386614
976726625
40092938
831423623
197358361
653978001
9196829
775879631
831468771
243840401
818270251
198195809
779639851
714018321
411039935
490307761
110325713
980609633
169559121
520208681
465903361
752082681
45875777
667430704
460531015
830370891
892783010
187807101
730458037
564909001
197695045
620970833
646670851
958388283
137507233
526227279
631149697
221412901
981787601
937042593
925264889
581706145
850529601
193190522
950372641
740632393
957632505
281860923
488209431
53629871
104091176
368129261
902514829
324499201
560559665
480409761
342100190
218716641
809530001
597896144
721249351
541606103
173156896
944600872
574109825
931558331
883515745
204671425
942824056
698897241
528660801
723879617
228838842
582333676
358406421
750612645
177421745
69283611
809529211
696091087
65470939
382045461
20101809
73724134
779655809
332066211
341982501
91343445
604639917
811258611
6763701
987440376
871391806
766358445
313011231
519260665
15240161
85817531
74876871
843712001
641501985
32864153
237631181
816711791
615681549
435853441
680905781
936387767
806781953
87770426
582928157
346766161
469848676
153382711
722077431
231409697
804913271
673346577
341921047
222615149
168267601
274928751
9624953
661369831
518434821
914417081
178714081
310074281
486866241
216633185
436149761
36725924
353585873
869780423
585106141
258901441
250942229
690776641
950977041
682155585
863100321
762595949
228690561
515971201
501667718
787453397
943736267
277869117
945920721
502474221
918524747
676066853
404873933
803926113
389066561
498345171
888403039
392240001
73599213
778152385
861821915
97577833
720282009
461549641
192695413
533120595
308772929
771889121
817955585
688449496
893067105
900445153
301631081
678121075
169051091
844324321
169642431
462347705
52796737
155846801
64562301
281029051
899969041
835576169
499686931
498103881
14233333
717836401
326965421
6860281
337677905
907950991
663879681
799140416
343696518
541434481
71564409
543560011
750610633
492896200
413563766
716086002
838132849
821044577
332443081
342709217
439508013
187719985
804437689
351100827
905603301
694562705
179660801
330490851
425511451
478483941
454416561
555449001
955320001
490683725
549397313
405298401
708506931
456606061
482904481
821145601
309033481
187738201
226869697
434894301
875619391
318362401
602430817
975688897
758007711
322260319
20935562
445657485
863141921
617539873
201392715
718254689
110028989
400152321
258613137
441327601
115297436
565081369
3196801
677268465
88676251
457942229
768373974
988955001
421103361
365477351
650285453
842757335
930867105
387382901
576523617
409717713
595692929
276980401
550493631
960552985
711111848
638392865
138533281
133684521
800063361
824783681
17818817
971248725
326756109
731337963
667929922
679478126
513096505
755808325
699986741
601840641
197840107
10335921
105842201
564834551
845053825
71465501
760599711
43894206
222333150
744460261
826208449
816188213
599055808
249440534
