90
4359 3888 2819 -160
-4868 -2938 -3651 188
4345 -4430 -4412 526
-2992 -4496 -1886 4664
-4048 -3092 1105 -3325
3274 2182 -3845 907
2880 3177 -825 289
76 -4077 -4014 -3090
526 -1628 1966 2062
-2992 -1394 -1071 3602
3303 1958 645 -994
-4282 -4797 -768 -1397
-2519 -1004 2198 3639
-3470 4298 -1959 2296
-3583 814 -2997 -4843
4360 -3265 1282 2092
-3603 -1415 -2618 4806
-4335 3773 4096 4896
-3287 -802 -1932 -1558
-4468 4703 -2575 -3152
1774 123 -3923 -1020
-4608 1507 -3752 -2729
-2711 3881 1882 -458
-3589 865 -2793 -3025
3965 764 -2265 -2381
3249 -4665 3007 -2465
3758 -3319 941 2862
-3280 -2311 -3464 1242
-3152 -2496 -2570 2622
-4079 -4519 -2796 -2295
-1000 -2907 1753 -4097
2711 -1754 -1689 3851
2575 -1513 -4123 -1566
-3521 -4693 -2319 -1185
-4291 2154 -1096 3752
-3567 645 -1416 2926
458 1952 4059 -761
727 2723 675 -919
-1547 -2247 -3402 -134
-300 -3513 810 -2201
-2755 3420 4523 -3118
4261 -4146 -1643 1680
4150 1025 -860 821
-3741 -2272 -915 -716
-3048 -210 -1553 1138
2297 -1151 -3454 -1153
2543 -2151 -3061 2525
-4953 3539 -3077 2061
1984 1729 -2173 -2372
797 1499 -3106 -1265
-4373 1835 3163 -2277
659 -2838 3909 -1225
-3621 1179 -2346 3628
772 -2197 1185 -3257
-818 3532 2512 2861
-1701 1721 4469 -1392
-944 -723 4693 4923
-2302 72 -4776 2383
4953 -4418 -3832 -2295
4263 4306 55 4127
-1246 4918 -341 2670
1996 1307 -2386 -460
2840 2351 2270 -3321
3642 -4394 -375 -4611
4518 -3913 -2295 -3568
-3256 -4519 3639 -4534
3577 4005 118 1270
643 -508 1656 -659
922 -2841 -4901 -2785
-3756 -2921 4380 3200
-4569 -1391 -1360 1853
2684 1881 1432 -3351
4359 3888 -3033 -4902
4270 4992 -1888 -4101
-4721 -2821 1234 -4064
-362 -4149 2819 -160
2677 3704 -4906 1249
3148 -2581 3459 1230
-96 -843 -4935 1716
-2813 -2229 -346 714
-3926 3054 3932 2657
1765 4526 1815 1731
3457 -1939 1663 -2939
-2881 3576 1538 2722
1498 2595 -4704 -908
-4441 4470 -3896 1936
-3772 -2716 -894 1900
-1140 100 -2926 3357
3128 1290 559 -2803
2114 -2493 -1500 1407
4070 -3042 2499 -446
