91
4141 -160 1014 -2830
-251 -2532 2136 -671
994 2789 675 -3911
3276 -169 -4049 -4454
474 338 -205 -3668
4546 4512 -466 -4194
-3433 -4784 1331 -1819
4252 -2893 -2626 2920
-2556 4881 2207 1834
-2543 -4292 114 3289
-2344 4951 4171 -1100
893 983 -1537 1932
-1121 -2463 -1409 3076
-1178 -155 3271 198
4126 1803 -2288 -4130
-772 2576 1721 3269
118 -2792 925 -3573
-1681 2998 -905 4260
-4016 1722 1114 3205
-94 -665 2420 -4468
1556 1263 -4037 1091
-2566 4138 4713 3657
-3565 4630 -2663 1618
4049 -1420 -3831 3495
2071 2955 -4579 1912
-3588 455 115 -2581
-454 -4250 4437 -4412
4439 -2749 -2157 598
-3149 -1481 -3739 2918
-1499 1818 1281 -1206
1436 1434 -1234 -2757
2830 396 -3389 -2968
915 -1944 -72 4183
-1083 -1023 -2371 4573
-2296 -3683 3177 -4175
186 -2815 -4204 4970
-2458 832 -1893 1776
-1811 -3099 -2222 2587
3379 -2810 -3866 2183
-704 -3545 -3539 -1274
-1745 -4777 41 -1959
-4744 -3614 -973 3979
156 -1924 2297 -3767
-214 2468 -3424 -4041
4141 -160 -3379 3137
497 2821 1726 -4906
-4370 500 -4 4734
-47 -2172 14 627
3262 4612 1181 -2318
3429 -3777 -2193 -1322
3068 2860 143 1877
-1794 -3713 4997 -2686
-489 -2242 1014 -2830
1403 -2723 4111 -1541
-830 -2349 3458 -4420
-3160 1179 2464 -2952
-80 -2062 -3633 2431
407 -4571 -4804 -3477
-1771 2899 1548 4792
666 3057 -1030 -4842
3337 4257 -3022 1104
-2201 -316 -3705 1113
687 1030 1502 -1140
4917 -3550 -2776 -3834
1719 -4859 4227 4170
2724 2840 1935 4727
2391 3317 -4762 -4835
1249 -3640 212 3096
472 2847 -2568 -736
-1760 -4321 -3306 -3334
-3913 4447 2647 4759
2491 -3618 -3162 -4315
3374 -2089 2753 -314
1485 587 2061 -2134
-4199 -4069 1856 968
2917 -3577 -2277 -4244
2202 -355 1106 -656
2233 2021 4345 1370
-2486 -2769 -4319 -1173
-2127 4236 362 -2727
830 1070 -1564 3236
-3003 -3000 3249 2816
-2265 2818 -4926 3842
-2130 -694 -2309 -1060
-680 -2301 2578 2392
-2407 1749 434 -4626
1003 -3933 454 1412
-82 1633 -3351 -1906
-273 -1345 2883 2656
1821 -3994 4674 238
4396 -1969 -786 -4398
1619 -3334 573 -528
