31
-1769 4928 527 3565
3178 -803 -1717 -3130
-3700 2399 3421 -3521
4153 -3598 -643 -2176
-3571 -2845 4565 -2333
-4570 -409 2772 3283
-3553 -425 4764 730
577 -4968 526 -1471
3602 -2426 -4834 2185
3570 -839 -3369 -1919
450 1907 -2168 -3473
-2977 -4751 -2256 -1694
1873 -4025 -1164 -4814
3536 2159 -1983 1328
93 1089 3115 -2701
616 1168 -1639 -1043
-1280 -4777 619 1605
-1084 391 2138 6739
-3641 4441 -2376 -1472
86 -3451 -3407 61
-1842 -3937 2784 -88
-2324 -779 -3176 -402
-1769 4928 3286 1747
-41 -4457 -4450 -624
-40 -707 -2507 3387
-1131 -3567 -2815 -2035
-4862 -4410 -2364 -3033
-3200 2786 2761 4631
-4634 4264 -3597 -4455
-2591 4344 3281 -3442
3203 -3430 -3126 625
-3518 -389 -2885 3341
