26
2658 4057 4127 3026
-2797 -4265 -2010 -1685
-4110 2327 -1307 -3716
-2385 -356 -2479 -1776
-2526 -3941 -2505 -1349
355 2383 -4878 -3621
1519 -2434 -2130 2207
-1686 3486 934 -3375
4605 -533 -898 2818
3682 -2646 -3598 2928
-3297 -4787 4127 3026
-710 1381 -1522 1976
-3265 -3713 -1837 -583
-2980 3662 4327 113
2658 4057 1861 -4643
-988 2910 -3092 1927
3146 769 -4389 -2567
-1917 2088 -2204 -1559
182 3175 331 -3815
3082 2709 2010 4080
-1981 3422 -3187 -2095
319 -309 1929 -1244
-1890 449 -1099 -326
-4386 -3959 -968 -1702
-995 -4673 398 1112
-350 3655 4190 -2228
-3412 2029 841 -1083
