100
-4494 -2483 2635 3945
-2363 -3868 1473 -4372
-1906 -4162 -772 1587
-4945 -1981 3817 -4578
-3926 -2279 3944 2682
2416 -2739 3398 2622
-384 -3839 -2495 -2063
-4271 4271 1320 -1862
-2905 -4107 -84 -3987
2420 -177 4333 -1668
482 -2860 -1361 -3528
4878 -1891 -3034 4339
2030 -2435 3989 -3895
3331 1094 3889 2790
4404 -589 -2513 -4408
-2527 -3143 4678 -1366
-3161 2052 3154 -134
652 -4855 -4557 -1046
-110 -1155 -938 -4623
-2087 3405 1386 25
424 -3831 -3175 -3059
-1619 -4713 4107 -4043
3216 3 -658 1144
1029 -11 -3234 -77
-1080 -4935 352 1594
3020 2825 -431 1603
738 660 3182 1702
4373 2641 2042 -1553
-223 3888 -916 -704
-4114 -3064 2759 4287
-3551 98 3995 1335
1752 1634 -2079 1115
2595 4810 -4263 171
-3750 -890 797 3635
4122 -4246 -2069 37
-3432 1534 4252 -2776
-1652 -3905 -4034 -4530
4445 -2414 1481 4868
3562 -671 1847 2332
4704 -1325 2610 -1514
-4265 912 2508 4150
-2636 -2605 -629 2471
-221 2929 4415 -4936
1092 -2735 3314 -2039
-3639 4938 386 2548
-2204 -1717 -205 1132
464 1469 1156 -4925
4738 1900 -3534 -1458
-3606 2121 -2386 -3139
-3740 -4176 -79 -859
-3763 4486 3327 -1808
1738 1010 1317 2281
-3119 -3097 -4385 4530
3375 -230 3330 -2091
-1635 -417 -1613 4388
-3180 4779 145 2778
3572 -4453 347 2801
2039 -4623 -159 -3941
-2473 2707 485 4634
-2766 3711 -198 -3487
-4716 4704 -4457 -2705
1737 275 1117 762
-2290 2236 7560 5654
-2948 2725 3892 4179
3735 1034 429 -2836
717 1316 3250 4592
-3962 -1390 2729 -707
1058 -277 -2282 300
3604 -2983 1258 -1879
-1819 384 -403 1329
2836 -1570 -1515 2647
753 -2023 -2938 1807
3423 -1136 -3097 -2397
-4182 -3218 -3859 3883
-3007 248 -2077 2299
4838 227 361 -642
-1590 4029 -4070 2273
4460 3034 2615 1793
-2913 4203 -2920 -1974
-3077 -1048 -814 2504
4770 3592 -1223 -4064
-2679 -2726 213 -3611
-4315 -3889 4957 -3116
-2285 -2946 -1275 -2816
1873 1892 -1771 -1883
-3991 1813 3129 4885
3233 -1201 -4946 74
3784 894 -38 -3578
2742 1268 4375 909
4415 -1060 -2023 645
1297 -1039 -3496 -2967
2516 -2848 -4316 588
1758 1031 607 -2458
3010 -2866 -2968 -3358
-4190 -4271 -4403 -1526
4296 -3073 -4565 -209
-4859 -3316 3045 3722
-4494 -2483 3179 2962
2020 3059 739 2600
4045 -2939 1517 -314
-1335 -2162 -3458 2774
