100
6553 9507 -4576 -1866
-908 1832 -9117 342
-7770 -4239 -3494 1909
-372 -6161 -1804 1815
-8891 -8934 2998 1352
-5052 -2687 6655 -6000
-1908 -5545 4862 3688
-5336 2557 -2291 -9601
-9634 -9395 6471 5558
1315 -3558 3550 5902
-6547 -700 -6544 2060
1634 -2176 -3476 6182
8089 -6003 1557 572
9843 -4930 1961 2316
2759 -3429 -1824 -8621
324 -5747 -9737 -6538
-5616 -8498 871 5422
2735 -4862 -7466 -1060
7975 4649 -9740 1575
1633 2197 -2913 -6275
3539 -3079 -7287 -6979
8284 -6973 4188 1243
-9105 9643 -423 -5354
1875 1932 4680 -8040
1131 8051 -7571 -7173
-8782 -9003 -6442 7778
-6999 3784 -129 -685
-4780 9098 9551 -125
-1886 -2366 3298 -7376
1708 2225 -4821 -4239
-642 -6366 -1513 104
8861 -3136 -8232 -9156
2144 1068 9562 -3122
-7776 4043 2167 -7389
6553 9507 -5067 -6016
8806 -3577 -4351 5921
-9392 2419 -1177 -8961
-9429 -8810 277 5078
-5985 -8532 3269 -9140
3975 -2541 -8273 -3988
9624 -8929 -1097 -3503
579 -2009 8163 6697
-4644 9827 -7621 -425
3067 3096 8512 -4869
-2302 -6734 -1889 -7247
-3167 6068 2337 -8459
2454 1772 8361 -2673
5882 -4085 8918 -4660
-808 -4013 -6835 1739
-7393 -2414 3806 -5798
-8741 -9842 -1379 -4321
7421 -5407 -9039 -5
-9884 -1496 -5003 622
-1578 -9802 -8039 -7790
782 3982 -4023 -4490
1982 -7311 -8141 -6842
-6709 84 -1627 2724
-6626 -9706 5523 6815
-8772 560 -8319 -5278
20 -883 -4482 -8854
313 2172 7695 4798
-5230 -6524 -6131 1753
8526 -1224 1649 -5748
1178 -5204 -1231 -2525
-7752 -3898 -6140 2405
-3320 8440 6666 7137
-8181 1260 -9874 7492
-5016 4194 -1139 -7729
-3505 1879 -3340 1032
6812 -5946 -2040 3760
-9667 403 1449 758
1112 4741 -2442 3818
-5721 -9644 -493 2100
-2172 1539 -2486 -250
237 -1169 303 -689
6241 -7160 1832 -2031
8585 3713 -4337 -9323
-8548 -3357 -5106 -3426
-9563 -1177 -9708 9533
925 6051 298 -1373
-2817 -2364 -4262 -9573
-4675 -1571 -1957 -1545
3276 8318 1866 6635
-1850 9097 -5032 6522
560 -7136 -2683 -4850
7101 1444 1196 -3315
-3509 -4134 -1889 679
2965 -3954 -4011 -9674
-3352 -930 9058 -5632
246 -3794 -7611 -6499
-1619 -8896 -6682 -6783
-3424 -9207 -8734 3729
1519 -833 2015 1466
-6333 2447 1381 867
-2566 5239 8145 -5631
9380 303 3327 -3446
7949 5963 -6255 972
8572 -7009 -5616 -2882
-4646 -1248 -4593 -6058
8888 4021 -4881 -930
-8789 -4604 -2073 -3294
