53
0
184
0
0
1029
266
24
0
324
0
0
29
35
1
0
5
11
186
0
68
0
102
0
14
0
0
0
418
0
10
104
54
753
0
0
27
38
137
238
0
137
84
0
82
4
0
26
0
471
0
154
0
9
0
99
252
11
0
100
79
9
599
18
2
21
0
2
632
154
0
24
0
0
0
0
106
0
0
127
233
0
0
0
172
45
0
40
0
0
373
0
0
593
0
0
0
26
227
0
317
0
1015
0
0
0
61
0
270
0
22
0
14
0
681
350
0
0
0
743
239
0
0
76
0
0
4
0
236
0
932
0
0
48
750
0
0
84
0
0
160
0
151
0
0
0
99
457
0
0
0
0
103
0
0
0
0
0
10
17
7
0
0
0
17
0
29
0
119
0
127
162
38
184
173
776
7
35
0
463
138
151
99
578
0
780
597
0
0
0
132
376
0
0
101
0
0
0
0
0
0
0
34
0
18
448
0
0
0
155
0
0
0
0
0
0
260
0
108
0
0
0
0
81
14
0
69
0
140
0
0
0
0
0
64
517
278
0
12
956
0
0
0
72
0
32
0
0
123
80
124
155
0
0
0
0
0
0
17
90
116
0
0
0
0
339
0
127
0
0
0
0
0
0
407
218
932
0
0
307
109
0
103
0
201
103
528
607
0
0
27
0
0
0
338
2
0
0
76
0
0
0
0
181
180
0
453
522
23
0
576
0
0
32
0
42
556
0
91
1075
0
5
103
0
0
0
0
0
0
212
0
0
522
0
0
0
9
230
0
0
74
0
2
0
0
30
0
36
0
0
7
0
70
631
754
0
0
28
0
47
0
0
84
0
8
0
0
66
0
0
0
0
142
219
760
457
49
0
202
30
373
44
4
316
154
0
435
94
0
0
350
54
98
90
79
0
627
0
156
4
0
1
195
0
116
299
0
0
648
0
0
0
0
164
0
0
0
582
0
0
636
0
0
0
726
11
0
0
0
0
0
0
96
200
0
504
30
0
771
0
9
518
0
0
0
0
0
180
0
0
0
10
149
57
0
7
0
0
705
94
0
41
0
97
0
0
0
0
145
313
62
576
0
79
165
246
32
396
0
0
0
0
0
0
0
0
0
19
0
0
307
20
142
0
0
0
0
0
0
0
0
556
122
984
0
0
65
0
501
4
0
76
0
0
0
624
0
221
15
0
0
0
0
0
0
0
18
0
0
0
0
97
0
1161
325
0
553
0
0
33
0
0
0
0
0
0
0
0
34
12
0
135
0
590
134
253
0
0
0
0
298
0
0
48
0
0
0
7
61
0
0
0
0
0
0
202
0
0
151
0
436
0
92
48
0
52
243
0
0
78
58
1351
0
1076
0
159
0
952
0
0
10
328
0
0
1057
378
105
68
193
0
0
1401
0
119
25
0
1094
33
607
0
2
184
0
0
0
0
0
143
0
0
0
124
0
0
0
0
0
0
0
10
156
0
0
0
422
21
73
0
620
0
0
0
159
0
0
0
0
0
0
279
4
0
0
0
0
161
0
0
0
0
632
0
0
0
0
745
32
0
0
0
629
0
0
522
0
8
65
0
104
0
0
0
0
0
0
103
264
505
0
1594
0
0
0
90
0
13
0
0
220
210
0
5
0
7
366
391
0
273
291
0
48
0
0
0
7
0
431
0
0
0
0
0
0
21
0
0
313
434
0
187
0
0
0
0
71
0
624
0
0
0
0
0
1312
0
0
0
0
0
1395
0
0
2
0
0
0
518
0
0
106
0
174
0
0
149
668
0
170
0
0
0
0
0
348
0
0
892
0
0
0
0
638
329
6
0
0
0
31
0
228
29
1348
0
0
257
0
171
0
248
0
16
2
0
0
0
0
0
0
34
0
0
61
266
0
0
0
0
0
237
0
203
0
298
16
18
0
0
0
0
9
12
0
0
0
25
0
0
0
0
168
968
0
94
0
0
0
0
0
0
0
0
0
153
774
0
210
0
0
0
0
0
0
0
0
0
0
0
0
330
0
422
0
0
0
0
3
330
648
5
15
0
179
0
0
0
0
0
3
3
22
623
0
0
0
0
0
50
11
0
180
0
0
0
0
117
0
0
211
1
0
93
0
0
0
0
0
0
0
197
0
332
0
0
15
0
0
0
0
218
0
0
0
0
0
0
0
471
643
0
0
520
0
0
0
77
0
0
6
0
0
0
0
0
25
0
0
37
0
0
0
0
0
0
0
0
0
0
0
23
0
188
0
0
0
0
4
0
0
0
526
5
72
0
0
55
378
0
0
253
0
0
320
0
0
0
164
0
