92
16
8
163
4
106
6
0
0
377
273
77
0
294
120
0
19
0
0
0
92
129
61
322
0
0
0
0
0
0
0
7
499
147
80
9
25
0
6
123
0
0
0
0
0
11
11
0
666
0
0
0
496
0
59
0
0
0
0
0
0
0
111
0
200
16
1
65
0
0
0
0
27
0
213
0
329
274
0
0
63
0
0
579
321
1
785
404
62
114
146
0
0
0
0
0
249
0
746
593
359
251
883
264
0
10
0
180
201
0
0
0
0
0
415
0
0
0
0
298
527
1046
0
0
0
235
19
0
0
18
0
63
107
0
14
433
0
0
8
15
461
0
24
3
54
17
350
5
0
0
0
0
368
319
4
0
464
20
22
358
15
0
0
0
0
166
0
0
0
37
5
76
30
0
0
0
0
0
16
881
0
591
629
52
20
329
186
48
0
0
32
1404
0
0
0
0
0
0
0
0
0
277
266
0
0
0
32
388
0
137
0
0
167
0
0
0
40
44
0
0
24
0
0
124
0
417
0
199
0
111
0
607
366
0
0
0
0
0
957
133
788
0
0
0
0
0
90
0
0
1
0
0
0
14
0
146
0
0
0
0
30
0
226
452
0
0
0
0
12
0
372
7
42
207
710
0
357
1
59
98
98
0
815
15
0
199
0
148
0
0
0
201
0
207
17
746
0
0
0
570
0
123
143
3
0
0
0
0
0
42
0
0
0
0
0
5
0
27
0
1
0
0
0
33
0
92
16
145
0
0
11
35
0
0
440
0
0
0
23
0
0
1
206
0
902
0
0
0
0
0
0
0
0
318
0
0
0
0
0
77
0
775
0
0
0
0
0
0
183
0
0
0
0
0
0
0
0
6
231
25
0
102
419
0
0
42
9
0
0
0
338
0
0
1045
0
0
0
0
21
0
544
130
0
0
472
0
0
0
0
0
0
63
0
0
208
57
0
0
0
0
0
0
0
0
0
0
0
0
0
0
363
1
0
448
0
0
0
0
0
0
0
0
0
0
0
652
0
0
0
0
82
0
0
0
67
0
0
0
0
0
0
0
83
0
30
368
21
41
2
122
0
0
0
0
0
8
28
0
31
0
140
289
586
0
0
0
9
0
0
0
0
168
357
0
0
0
0
0
109
160
0
248
798
106
0
107
0
0
464
54
0
0
142
42
1387
0
0
0
39
0
49
123
37
109
0
0
0
343
33
0
8
0
121
0
0
30
170
39
0
0
1153
0
0
0
0
0
0
137
463
0
9
0
113
145
347
129
0
117
332
0
134
121
489
0
0
0
0
0
105
180
0
0
0
0
530
1
0
1162
0
243
0
148
0
0
0
0
0
0
0
562
0
0
109
187
0
0
0
0
36
0
0
38
0
0
105
144
527
0
0
0
363
35
0
264
87
0
41
0
71
0
0
0
0
43
0
0
34
33
34
0
12
131
204
328
225
0
34
0
221
14
0
1064
17
223
207
0
0
30
0
0
0
0
69
0
0
146
0
0
0
0
0
0
0
0
0
664
0
98
71
0
0
339
0
0
5
1
4
19
124
0
0
0
0
420
577
14
0
0
161
56
477
39
236
0
0
0
446
0
158
39
0
0
14
0
161
0
95
0
0
0
112
34
35
35
0
1
0
201
255
0
243
0
19
16
1
0
1
1024
0
0
0
0
18
0
0
0
0
90
0
0
0
237
141
8
0
0
0
0
0
111
0
0
0
1034
0
423
0
0
0
66
140
0
58
0
0
16
398
0
0
16
0
0
184
0
0
25
0
0
0
0
233
624
38
0
0
0
18
0
0
0
0
0
60
0
0
332
0
0
0
45
0
0
0
0
0
0
64
27
0
11
0
37
1164
53
0
0
0
0
0
0
0
0
0
0
0
0
0
571
70
37
27
0
14
0
0
0
0
212
176
0
52
178
0
0
0
0
61
0
0
0
26
404
15
0
0
189
75
0
0
73
0
0
0
0
847
718
0
0
0
186
19
0
0
0
333
0
0
0
123
663
311
14
0
0
592
4
0
144
257
0
0
0
58
43
0
0
209
0
0
0
31
181
0
3
324
0
179
737
0
0
21
365
0
1385
41
0
22
0
0
0
465
19
0
258
0
8
141
234
200
0
0
611
42
0
10
0
32
0
0
0
188
0
0
0
0
79
0
0
0
0
0
0
22
538
296
829
8
0
0
0
5
0
92
0
0
405
76
68
0
0
0
53
8
0
1121
31
271
19
17
0
508
0
0
0
0
0
0
86
984
0
0
0
0
44
0
0
0
