15
74
95
24
144
217
104
136
52
0
0
13
779
65
0
30
0
0
18
69
422
271
372
0
14
12
32
2
0
0
0
33
0
205
0
121
77
484
52
9
0
0
391
80
18
0
0
0
16
71
0
0
286
54
21
0
221
600
71
2
4
214
486
14
25
122
0
264
0
0
0
0
0
0
1
0
33
0
37
0
60
0
109
431
0
19
0
0
836
0
0
0
272
0
1456
1
32
599
0
0
0
0
0
0
0
0
11
188
0
0
0
0
0
0
397
0
0
357
0
0
0
490
157
0
0
0
288
0
0
0
1049
0
0
57
0
260
4
0
0
0
0
0
189
0
107
66
605
0
32
8
5
31
0
40
468
3
513
0
148
208
0
0
0
152
108
124
0
0
5
0
1
366
16
0
375
0
0
0
0
0
274
659
399
56
0
864
0
0
0
456
334
73
0
294
0
0
9
0
0
0
163
0
0
0
0
333
0
61
0
186
0
0
0
0
0
40
0
496
0
322
0
0
0
0
240
0
103
0
0
439
72
0
179
0
0
0
0
0
99
0
0
66
0
0
0
0
260
0
531
0
0
0
172
169
0
495
0
0
433
0
0
130
139
151
0
88
369
3
0
0
0
55
0
82
0
363
34
87
0
403
0
0
0
0
0
0
24
0
0
0
0
109
61
13
0
0
636
87
0
0
604
0
0
0
19
2
496
0
190
3
214
39
28
19
0
0
183
323
0
0
0
0
0
0
10
10
0
224
126
29
0
0
48
37
0
0
68
0
3
0
224
520
197
0
234
0
0
147
0
0
1
0
0
50
188
725
0
0
0
0
0
805
41
0
0
253
0
241
61
0
0
0
208
0
0
199
0
0
0
0
0
0
0
276
219
0
0
0
24
0
1
0
0
51
0
0
0
0
89
308
1195
0
0
0
13
2
211
0
0
0
32
138
0
0
0
0
72
788
0
53
0
0
0
54
449
0
0
53
0
0
0
17
0
0
0
881
401
71
340
764
354
0
3
0
1380
0
0
0
82
0
0
0
87
0
0
0
98
0
104
0
0
0
0
18
0
0
0
0
1
118
103
0
538
125
43
36
263
0
0
0
0
430
5
0
0
0
304
0
368
0
0
0
0
479
253
49
3
171
0
0
0
88
719
0
0
270
0
0
297
0
0
0
125
0
263
13
14
286
0
0
705
40
0
21
0
101
395
0
750
0
0
0
20
324
0
0
434
0
0
752
0
378
0
0
0
0
0
0
212
158
0
1242
201
0
0
0
6
0
0
0
0
61
72
0
95
0
50
0
0
0
0
22
272
0
320
0
177
0
118
209
0
0
31
129
216
0
821
332
0
185
0
257
79
0
299
0
0
249
87
172
0
0
0
0
0
0
347
0
0
0
570
0
623
0
0
152
966
324
0
0
0
0
0
0
0
0
58
334
7
0
0
0
0
0
128
0
0
0
0
19
144
10
425
0
0
5
0
0
351
145
0
0
0
11
517
30
0
0
608
382
475
0
0
281
0
0
0
0
0
1147
933
0
598
97
56
0
0
0
4
0
1
0
265
57
0
0
0
0
187
0
0
91
0
0
472
379
161
0
0
0
0
289
509
505
0
0
0
378
638
0
119
390
0
69
218
0
0
0
0
0
0
0
45
0
0
0
0
0
165
0
0
0
0
278
0
338
0
1304
94
0
0
622
0
263
5
0
93
0
0
0
0
216
0
840
173
0
0
0
0
0
0
147
205
0
0
0
143
476
7
0
0
0
0
270
491
0
0
0
0
10
60
0
0
27
0
507
0
5
0
2
0
0
0
69
94
453
0
25
42
0
0
69
0
0
564
0
0
69
0
42
0
0
0
0
0
0
138
0
43
0
0
358
0
0
166
44
74
0
24
0
2
191
17
215
0
0
0
0
0
0
32
0
23
0
0
0
363
0
281
349
0
0
0
0
0
0
1013
0
0
712
507
0
0
119
106
38
0
60
1109
0
220
0
165
0
0
156
105
13
0
0
215
49
0
0
335
0
0
0
3
218
77
0
0
0
169
0
0
0
0
604
0
61
446
291
0
0
0
0
58
269
0
367
354
826
0
0
63
357
0
199
0
0
314
1320
200
13
0
90
0
35
657
0
0
0
112
43
695
0
238
408
0
0
0
0
0
4
14
0
263
0
0
0
0
0
168
0
0
729
87
0
0
0
24
163
174
0
0
0
0
493
0
0
61
525
0
0
1153
0
0
0
0
0
0
724
305
33
0
0
28
44
0
0
209
0
0
0
0
0
0
0
0
