25
167
71
70
37
9
11
204
12
108
104
37
254
121
43
0
79
0
66
319
0
40
21
189
0
143
0
0
0
20
0
0
23
104
0
0
8
7
66
276
0
22
0
8
0
82
0
0
0
0
0
0
15
0
63
0
0
228
0
1055
0
317
30
0
296
126
0
804
1526
785
18
403
236
387
0
0
86
454
0
0
0
0
0
15
851
0
0
464
0
536
341
134
386
55
299
0
0
133
0
131
0
0
0
61
0
427
228
233
0
34
0
0
14
0
0
2
243
168
0
328
13
24
201
0
17
170
0
0
0
0
50
0
125
0
1
5
0
18
0
9
27
179
306
0
0
0
0
12
0
0
0
0
0
130
0
0
42
142
246
749
0
425
0
139
232
0
0
111
146
163
0
650
0
0
0
1
0
26
0
4
406
0
463
0
0
56
55
0
0
0
0
0
16
0
245
96
1
0
0
0
90
423
0
250
116
96
0
175
19
15
0
0
0
0
0
946
1095
0
0
112
0
199
0
333
111
0
0
0
85
1
230
60
0
25
13
0
0
0
0
0
10
0
0
349
118
0
0
0
199
0
89
44
0
335
1105
0
0
0
0
0
0
0
0
11
0
0
0
451
0
11
35
0
0
0
216
132
0
0
434
786
212
194
0
0
0
0
4
0
221
0
0
0
410
0
0
0
282
319
0
0
0
752
0
399
0
117
140
168
2
0
0
0
0
69
735
645
0
0
575
114
0
0
575
0
0
52
0
182
383
0
165
0
0
0
0
0
1192
14
0
426
8
252
200
118
0
195
122
0
0
118
567
0
0
112
0
0
330
98
384
183
0
551
0
0
1450
1453
0
131
0
0
669
426
0
0
4
0
0
0
0
3
0
0
2
0
0
0
143
0
0
0
0
84
0
233
0
0
466
0
84
0
0
0
762
0
0
0
0
462
0
0
0
472
26
0
0
265
39
1113
379
119
117
0
20
0
16
129
0
0
0
123
224
0
0
119
264
35
7
0
0
0
81
0
0
0
0
117
0
0
112
0
95
175
163
0
37
84
609
112
346
0
0
0
55
758
0
0
0
0
0
0
0
223
0
0
0
0
285
0
13
0
0
69
369
5
0
94
95
64
51
0
0
0
928
0
22
1
77
0
0
0
32
0
170
0
60
0
41
63
0
132
188
0
0
160
0
0
484
0
73
100
11
9
291
343
95
0
0
152
151
0
0
0
0
0
0
19
0
222
0
0
53
0
460
0
0
0
228
0
252
232
134
0
423
24
0
90
0
232
122
3
0
510
1350
0
0
1
0
104
99
0
0
887
27
32
0
0
994
0
0
0
124
0
0
0
67
0
0
0
0
0
28
205
0
148
210
0
0
146
210
63
1
0
0
0
214
676
0
0
83
0
0
13
358
890
0
0
0
0
0
0
496
0
0
0
294
0
0
96
8
0
0
0
0
472
0
201
0
556
0
98
0
317
0
0
0
0
0
56
0
0
0
0
433
0
0
251
0
561
0
0
0
0
0
0
0
0
0
0
0
492
0
261
168
0
0
0
86
649
0
35
23
430
0
79
129
0
255
268
342
0
0
0
0
0
12
115
182
0
0
0
0
0
251
385
0
1044
0
0
302
0
340
436
0
0
0
934
889
0
0
0
150
170
0
0
0
181
98
100
0
137
45
67
0
294
0
207
0
114
0
0
0
7
0
0
0
90
0
7
103
614
0
0
172
11
0
0
172
727
39
0
12
0
169
0
0
202
0
22
232
75
55
0
222
0
0
0
0
539
61
0
0
12
1104
0
20
0
36
0
327
0
0
271
0
0
73
426
81
0
0
49
0
0
0
0
0
0
0
0
0
0
0
127
0
0
0
0
0
0
562
0
13
0
327
0
0
0
0
0
0
850
0
0
866
246
457
0
0
54
72
0
23
57
115
0
69
279
56
0
0
0
28
3
150
27
0
236
0
32
72
352
7
41
48
0
54
0
841
39
172
0
0
59
168
0
0
1
627
37
0
207
0
0
0
0
211
73
0
162
0
0
138
6
0
0
170
0
0
0
302
74
0
0
70
0
0
0
1160
0
0
0
0
0
0
0
242
33
0
17
0
15
0
0
95
0
6
0
0
96
0
4
0
0
47
0
0
0
0
308
0
288
47
0
0
0
0
0
84
0
0
417
0
0
0
26
0
171
62
0
0
209
0
0
11
0
1171
0
0
0
0
0
