387
83
87
379
710
18
75
8
312
0
61
36
8
13
596
644
0
0
3
46
243
0
165
12
308
152
0
106
0
0
0
0
402
0
73
673
125
280
448
29
778
0
41
0
698
0
0
106
0
0
0
0
0
36
10
0
0
483
2
163
0
5
130
37
57
0
0
0
156
0
0
0
0
7
0
0
0
0
1
0
0
0
101
27
0
0
0
461
5
0
0
47
107
6
26
0
4
45
68
5
41
25
0
0
0
281
751
56
251
0
10
0
0
0
0
13
0
0
35
88
57
0
10
21
20
67
0
60
0
175
0
0
0
0
0
146
26
0
192
0
207
0
0
34
483
0
298
642
40
397
0
2
93
0
0
0
0
170
0
0
310
473
0
0
61
0
0
0
0
537
0
321
29
0
83
170
725
0
0
86
0
0
223
0
0
42
33
0
0
0
0
0
0
0
0
221
0
0
3
3
132
190
64
0
0
0
8
1142
0
0
296
35
0
360
96
12
575
0
0
0
183
0
0
0
0
129
0
0
0
0
0
0
0
0
0
0
608
0
20
0
0
14
183
0
276
125
270
57
118
0
0
71
251
5
0
0
0
0
99
69
0
315
725
0
0
346
2
81
0
150
0
0
0
379
0
0
0
0
4
0
283
0
123
0
22
4
0
0
24
123
0
0
0
0
0
0
0
0
0
1130
0
0
0
0
0
0
63
1536
0
0
128
0
81
0
0
0
102
0
74
0
0
0
0
294
271
0
397
0
147
0
0
140
117
877
0
0
60
0
0
0
148
0
671
106
0
0
0
95
68
0
325
89
17
61
470
0
323
48
0
0
0
14
0
89
0
0
0
20
122
0
0
0
242
0
0
0
0
181
262
0
175
14
172
0
0
134
0
0
13
0
0
0
0
0
0
0
1
32
0
0
712
0
7
0
10
892
0
0
1090
301
104
17
295
0
0
0
0
0
186
408
972
0
0
0
0
10
0
440
0
0
0
297
0
21
679
33
0
0
0
0
0
876
3
2
731
1006
131
112
0
0
470
0
15
70
0
165
99
42
0
0
0
0
87
0
20
791
20
252
44
0
0
0
0
0
0
0
33
31
36
0
490
0
288
0
4
115
52
63
4
0
0
0
0
0
0
0
634
0
0
66
0
0
346
0
1
16
67
0
0
0
801
10
421
423
0
0
1
0
0
0
0
0
0
136
136
0
0
228
1618
0
0
0
51
0
42
0
0
2
0
4
0
0
0
360
0
0
22
0
119
0
22
100
189
21
0
0
0
0
0
0
0
0
0
39
0
0
0
43
28
7
59
0
0
582
0
6
839
3
0
0
0
26
54
305
0
0
79
0
0
112
0
0
490
0
8
600
96
0
69
0
0
0
537
0
92
0
1188
0
0
0
0
0
999
0
272
137
156
0
49
349
0
92
0
44
500
44
32
0
0
222
0
0
544
0
0
508
0
252
252
0
3
0
51
764
40
12
0
282
0
0
0
0
0
0
0
0
0
5
0
0
0
0
0
0
949
181
12
0
2
249
124
0
0
0
37
314
22
238
0
423
237
0
0
0
0
0
0
0
761
0
0
0
1227
0
6
607
1
0
0
326
69
107
219
0
346
0
0
2
44
69
21
362
0
122
0
0
9
0
150
0
12
0
160
0
0
0
0
89
0
68
500
0
0
0
0
110
0
727
0
235
17
172
0
0
20
244
0
52
131
0
0
50
0
0
0
68
0
662
0
0
0
0
29
378
0
0
0
54
69
649
0
0
51
69
0
33
0
0
0
0
811
0
760
172
0
0
0
10
62
0
327
327
0
24
0
219
448
201
0
154
306
9
0
0
0
0
0
49
0
5
38
423
0
1509
0
30
22
0
173
235
0
59
59
0
138
0
0
0
0
0
0
4
0
0
191
76
23
0
185
0
255
0
152
435
254
558
0
0
243
0
0
0
0
19
440
0
125
0
140
68
253
455
860
3
77
47
77
0
245
30
149
0
0
170
0
131
0
29
0
0
0
0
0
788
0
0
155
0
4
0
323
56
5
1295
0
288
56
12
56
426
0
0
598
0
86
351
15
0
0
0
46
0
68
306
0
56
0
382
6
185
0
0
0
0
0
310
0
249
544
0
0
0
0
0
0
175
0
418
42
0
0
0
0
0
15
0
0
0
0
0
593
0
0
85
0
0
0
1354
0
43
0
0
0
0
0
0
0
354
0
0
0
0
0
46
0
0
656
372
0
9
0
0
0
0
94
0
729
0
0
0
745
1
0
53
0
0
248
0
0
678
58
0
148
