31
10
33
0
53
5
231
41
98
132
223
0
0
17
0
3
0
0
0
0
0
183
0
0
282
35
0
0
0
90
150
0
164
113
95
31
57
59
148
78
146
0
397
0
0
75
722
0
0
111
2
0
0
125
0
0
0
65
92
0
48
6
203
0
7
481
12
33
0
470
182
149
1
0
693
0
6
37
25
54
173
435
0
140
36
0
321
741
612
0
0
0
8
0
0
0
38
0
128
529
239
369
0
128
0
0
0
257
258
365
0
516
0
0
0
352
1171
132
0
76
1
136
782
617
26
23
0
847
901
1586
0
0
1
0
1053
0
0
0
234
107
0
0
0
0
0
267
0
83
0
0
1
30
0
0
0
2
207
0
0
0
0
0
0
0
740
0
0
0
0
0
0
0
0
1335
0
0
0
0
0
29
0
0
0
0
0
538
70
0
322
618
0
868
19
25
0
20
0
0
0
120
0
26
12
0
1030
0
0
0
39
12
0
0
0
0
0
0
162
0
0
0
115
0
1209
0
0
151
0
0
96
0
0
0
0
0
0
0
0
0
0
20
0
34
0
0
0
299
0
924
567
0
0
0
118
0
3
0
0
148
0
0
0
0
0
126
0
920
0
450
859
256
0
0
732
36
0
0
0
0
0
0
173
0
0
528
41
144
0
0
31
0
0
1151
0
0
0
333
54
0
140
59
0
0
0
0
0
0
536
596
0
0
65
0
296
0
0
0
0
399
34
316
415
0
218
0
0
223
0
0
36
461
265
0
0
0
18
0
46
0
86
0
0
0
0
0
0
200
50
446
0
191
0
0
0
0
139
135
0
0
0
161
0
67
0
0
0
0
0
0
0
466
422
985
468
0
14
474
0
110
0
209
0
13
0
52
148
0
0
0
12
0
0
278
125
288
0
109
0
138
269
146
756
0
0
325
154
0
0
0
49
71
0
0
0
0
0
0
0
7
67
0
0
0
352
359
0
0
310
0
0
348
0
0
0
576
2
0
12
187
0
0
98
167
38
0
0
0
0
0
0
0
0
0
132
293
0
38
41
0
0
0
4
0
0
0
260
0
0
0
219
20
0
60
0
0
0
0
0
37
0
0
0
0
0
13
0
697
0
0
0
208
315
0
391
652
0
0
2
0
0
0
0
70
20
31
22
240
301
0
212
56
605
0
0
0
38
3
387
135
0
0
0
415
0
0
0
55
0
0
908
0
0
73
12
294
0
0
278
0
37
0
0
60
159
0
4
0
0
0
520
363
0
0
204
67
54
517
0
0
26
0
50
0
0
0
119
0
0
0
0
173
0
0
117
0
13
0
0
0
0
0
83
0
152
0
73
186
0
0
0
0
582
300
0
0
0
188
76
0
0
0
0
28
0
0
69
0
0
0
6
759
180
0
34
585
0
0
1045
200
0
0
13
222
468
298
530
0
0
0
0
0
74
0
0
6
0
107
0
0
0
0
0
63
0
508
0
0
0
129
1035
0
0
579
0
0
59
0
21
477
0
41
0
175
0
26
0
0
0
0
0
126
0
0
0
204
52
523
323
0
39
68
0
0
0
368
0
0
0
461
0
208
0
303
501
0
86
131
248
180
263
3
0
0
187
0
0
77
0
0
0
0
4
0
0
213
0
0
100
0
0
91
0
0
225
315
0
0
0
571
259
0
0
0
0
0
72
0
0
0
21
0
0
0
0
51
0
11
0
247
0
0
0
0
180
0
0
0
292
0
282
180
0
0
0
3
0
0
0
154
0
0
171
0
0
0
0
0
0
346
16
0
0
161
0
56
689
864
0
0
355
42
0
398
0
0
108
952
830
0
0
0
0
881
36
0
0
0
0
0
0
0
0
0
0
0
0
0
0
90
0
0
39
83
60
1
0
141
68
3
0
8
535
356
0
0
0
479
0
0
0
0
57
0
21
84
0
595
0
0
0
356
5
32
0
59
16
0
0
0
0
243
0
722
88
0
0
33
0
72
0
0
7
0
1110
116
0
0
36
45
0
0
293
0
0
0
0
99
105
0
0
403
0
380
0
0
0
0
0
0
189
0
0
438
206
186
179
0
0
16
141
205
513
0
0
0
0
0
0
244
0
0
0
0
323
0
604
464
0
0
0
0
5
97
354
0
0
0
508
0
0
358
0
0
223
0
16
60
96
0
0
275
0
0
0
0
0
0
424
13
0
0
0
0
0
546
0
296
