1
63
7
74
8
51
0
63
0
0
42
87
56
0
105
5
33
0
450
61
18
0
0
7
192
31
0
83
0
0
0
0
89
35
14
0
0
0
19
0
10
9
5
0
0
22
0
14
0
0
0
0
1
0
0
0
0
0
1
75
6
0
0
0
0
1
0
102
0
0
139
25
0
186
0
14
0
0
0
0
432
196
0
0
0
0
66
0
621
0
620
388
0
0
18
0
0
0
389
0
0
0
132
0
124
0
1
246
591
34
0
0
0
0
0
369
0
0
0
0
0
0
759
473
0
0
0
78
0
0
0
260
20
620
21
9
104
0
18
86
265
1054
0
0
1
0
0
281
65
0
1
797
37
0
0
63
701
0
0
0
0
0
0
0
0
0
146
0
0
0
0
503
591
0
0
0
39
0
0
0
0
0
0
283
206
107
0
0
101
0
0
0
31
21
21
322
48
67
0
241
170
0
273
0
0
0
591
71
6
0
0
0
0
0
67
0
0
113
49
0
0
0
0
0
0
806
0
30
287
142
0
0
60
0
0
0
0
23
0
103
0
0
178
449
0
0
0
362
111
103
65
105
0
246
0
0
0
26
43
0
61
13
0
623
0
0
0
0
0
801
75
65
444
0
73
0
0
0
23
0
289
0
8
65
54
0
0
51
50
0
0
231
39
342
11
103
132
0
1110
198
35
30
5
33
0
0
0
0
0
0
0
0
94
252
0
0
98
312
486
0
0
0
0
321
0
0
0
0
0
0
0
0
0
0
1064
674
0
563
0
0
0
0
344
0
0
0
0
424
0
0
0
0
85
85
122
0
71
0
0
2
0
0
248
0
0
0
0
0
0
0
0
0
349
0
0
0
0
1066
30
261
0
0
0
790
0
0
0
0
0
43
0
17
0
34
0
36
36
0
0
0
0
0
20
0
0
388
139
0
0
0
0
12
0
0
0
96
176
241
0
0
0
0
0
0
0
0
112
0
0
0
181
0
0
0
658
20
0
0
144
240
0
0
489
0
626
0
0
0
0
233
38
0
0
29
0
0
0
0
44
119
0
0
829
55
526
0
202
0
0
0
45
497
0
47
0
562
0
0
0
0
88
120
204
0
0
0
388
983
444
0
224
0
0
0
0
0
0
38
1
0
0
0
0
279
0
0
115
0
0
60
0
0
3
136
0
2
0
267
17
240
145
42
42
0
0
0
25
32
0
0
0
0
158
200
50
0
374
28
0
0
218
224
0
0
247
163
24
0
113
0
0
512
137
0
0
39
180
519
631
37
0
0
11
0
0
133
0
44
0
161
9
58
101
53
0
2
0
3
0
0
208
0
235
0
0
0
0
0
0
474
0
0
322
0
0
140
843
0
0
0
0
22
0
0
0
0
0
80
192
0
0
243
199
0
0
0
0
712
189
610
170
0
0
0
0
225
340
0
124
0
0
653
0
0
138
882
0
13
0
0
367
96
0
478
0
0
889
0
0
0
0
0
0
1650
75
0
173
796
10
445
70
362
0
395
55
0
558
0
0
0
149
75
149
77
0
22
0
34
841
0
0
2
0
0
0
270
3
0
0
0
0
253
20
0
169
0
121
0
0
667
0
6
100
761
0
0
0
0
0
0
0
0
0
0
115
0
0
0
0
0
3
232
0
0
0
127
533
43
0
0
160
0
48
0
32
1001
0
402
0
0
0
206
0
23
206
281
23
0
0
0
0
716
0
373
0
0
50
0
4
0
0
470
0
0
0
0
0
121
103
0
0
0
0
0
1286
0
28
0
6
0
483
103
180
0
0
7
0
351
69
93
327
134
101
173
71
490
899
770
0
106
0
1643
0
1148
0
0
0
0
0
0
0
0
0
0
0
0
2
0
0
11
0
0
186
0
0
0
28
204
130
240
0
0
522
691
11
0
0
0
0
0
0
530
0
0
265
116
612
0
0
0
0
0
0
0
9
0
0
181
0
0
0
73
0
0
0
0
0
395
697
761
0
67
0
0
0
0
0
0
0
258
0
278
153
0
289
56
0
0
0
0
0
0
0
0
0
0
426
76
0
0
45
19
0
70
0
92
0
0
0
70
246
0
0
0
0
0
54
23
0
0
0
0
145
0
203
214
38
0
0
0
75
0
44
0
369
0
66
0
435
313
0
171
240
0
851
285
0
14
242
358
0
222
51
0
73
247
0
81
0
0
414
0
0
449
0
0
179
2
54
0
0
0
614
0
119
0
0
0
0
0
0
232
0
0
0
219
0
0
147
0
0
380
516
165
288
0
0
0
0
0
0
