12
176
19
23
18
109
57
5
34
21
12
1
458
248
0
114
8
0
59
318
27
104
0
218
12
0
39
145
117
67
140
1
0
0
0
40
645
0
0
0
0
468
0
5
0
854
6
0
0
0
0
0
0
0
322
385
101
425
0
0
0
0
595
73
19
0
0
183
22
1207
66
1
0
938
0
0
0
0
0
196
592
0
0
262
0
64
0
23
0
15
0
11
0
0
0
37
0
85
0
0
0
148
0
94
514
109
0
265
414
0
1
463
92
0
190
0
8
0
20
517
10
0
92
590
0
8
0
0
288
0
615
0
0
0
0
63
0
0
0
0
0
350
0
0
0
0
351
4
0
40
549
182
393
71
0
0
0
71
0
62
0
0
58
0
0
186
239
12
808
0
0
72
344
31
798
368
13
0
59
298
0
53
592
0
0
0
0
0
0
0
0
371
920
0
0
12
0
475
44
0
32
0
215
410
0
0
0
0
822
782
267
0
0
0
0
0
0
0
0
0
0
0
174
2
121
37
287
0
355
0
0
0
1
0
0
116
0
0
0
879
0
0
0
0
71
0
57
0
0
57
1073
27
30
0
83
653
6
55
326
151
10
53
0
440
0
236
0
0
0
191
0
0
0
0
667
0
838
0
0
0
106
27
0
191
0
0
0
63
632
0
0
0
0
0
0
171
0
36
52
0
0
0
324
0
0
783
15
392
0
0
0
0
137
656
0
0
0
9
241
0
556
0
8
0
0
0
146
0
0
784
679
0
559
904
199
720
0
176
1055
92
0
0
0
0
0
0
0
0
0
536
0
0
114
60
78
452
0
40
352
0
15
0
0
484
0
394
0
28
0
0
0
0
0
0
0
0
0
60
0
0
0
0
327
0
0
60
0
0
166
317
0
242
0
0
0
285
85
0
330
470
0
189
0
0
69
0
0
59
58
509
0
0
0
0
0
6
362
509
0
73
0
0
148
101
0
0
0
100
0
0
0
0
512
0
138
286
0
0
0
13
302
0
11
82
205
0
0
0
0
0
0
234
0
0
0
0
0
135
0
0
0
0
0
12
0
574
0
988
0
0
307
33
0
0
0
477
173
214
0
0
0
0
149
0
0
0
0
0
40
381
25
190
0
0
0
0
0
0
0
374
0
161
394
0
199
0
0
57
0
0
0
49
30
183
0
47
549
0
0
1303
0
0
42
0
0
0
0
460
0
512
0
104
72
259
0
40
0
50
0
0
0
516
0
0
42
0
113
255
0
0
134
0
644
0
20
20
71
13
385
3
0
174
0
0
0
0
0
0
181
0
0
0
0
0
40
0
0
0
155
260
0
507
0
0
412
68
0
122
0
383
144
58
834
206
0
46
0
316
0
0
33
276
0
8
0
0
3
0
0
0
0
0
0
0
0
0
0
0
0
533
78
57
957
0
656
0
0
0
0
778
94
0
254
1
374
0
42
0
0
0
0
0
188
0
63
0
0
22
0
0
0
0
428
0
0
0
57
258
0
0
0
239
0
0
0
0
0
0
0
48
0
19
124
424
795
239
84
2
0
0
0
0
0
0
52
0
0
0
0
0
289
0
90
89
47
0
11
0
481
698
0
22
22
0
266
0
517
0
0
167
101
946
35
0
0
285
0
0
0
62
47
15
0
0
0
0
57
0
129
149
119
0
917
0
0
112
0
18
95
42
0
45
0
0
0
0
126
150
0
0
24
0
869
0
0
0
0
0
0
64
186
0
0
107
0
0
0
0
0
7
294
0
376
167
327
863
0
498
0
46
0
0
0
0
41
345
0
199
0
0
0
970
0
26
0
0
0
0
0
0
0
452
0
235
26
0
0
0
0
93
0
0
0
0
0
55
358
0
19
143
199
132
161
1
0
0
439
73
0
31
0
143
18
0
0
72
0
0
41
0
91
169
31
0
0
134
27
0
0
170
113
406
197
0
0
0
0
0
0
0
0
0
0
0
0
0
0
6
0
0
0
78
114
0
0
0
112
646
1
0
5
0
963
43
0
31
21
135
0
0
0
750
3
0
0
1108
0
0
0
0
0
0
0
0
232
0
0
8
1364
119
242
0
13
0
0
10
0
67
0
0
13
36
1176
0
270
179
4
189
0
0
0
0
30
0
0
361
329
0
40
88
0
538
47
0
0
0
0
388
0
0
97
30
0
0
19
0
0
137
76
0
0
0
0
0
0
0
0
0
1
0
0
0
0
0
0
0
0
0
7
103
0
0
487
601
0
0
0
0
0
408
65
0
0
186
248
0
11
0
4
