72
3
108
315
39
385
49
21
0
31
22
0
524
16
109
0
0
18
14
0
0
0
85
0
158
0
73
13
75
0
0
49
0
5
5
47
0
13
274
0
0
0
644
18
44
762
0
619
0
88
0
0
376
0
0
1319
0
0
66
0
2
0
0
68
0
340
282
0
0
23
7
7
57
0
0
97
6
0
0
0
0
0
183
903
0
0
0
795
617
0
237
0
0
0
63
303
89
0
0
127
145
0
0
451
421
0
28
7
17
399
0
757
0
0
0
84
79
0
45
99
99
0
0
29
353
0
0
0
255
52
71
837
149
92
0
67
0
0
2
422
34
0
0
0
1004
0
0
0
15
0
0
0
2
437
73
132
0
115
0
0
0
214
0
0
0
705
0
0
1708
579
155
0
284
73
284
273
0
186
241
0
0
0
0
0
1
14
0
0
0
742
19
0
0
0
0
0
0
0
6
325
0
0
131
42
150
60
143
0
0
0
1254
0
0
101
0
0
0
0
0
0
0
606
0
0
0
486
0
655
0
0
0
0
0
0
0
145
1094
0
75
221
0
33
0
51
0
172
307
0
0
290
499
0
0
0
0
52
0
0
43
1
0
70
0
0
536
0
0
0
73
0
0
0
0
0
0
177
0
164
0
0
201
0
0
0
132
2
0
0
350
0
0
0
127
0
73
0
6
0
52
0
0
666
270
17
0
0
285
0
0
0
331
0
0
0
489
0
0
0
450
0
0
0
83
322
0
0
41
28
0
0
399
29
0
0
68
0
0
187
145
0
568
154
0
0
155
0
257
16
0
67
297
0
570
0
63
325
0
297
0
406
250
1
0
0
136
30
34
0
20
0
54
258
8
0
0
0
54
0
0
0
0
0
85
1
54
0
0
0
35
0
0
0
0
412
592
1230
377
0
0
0
0
46
173
9
267
0
0
54
28
0
0
32
20
260
155
0
0
0
50
155
0
62
0
121
319
0
0
15
0
96
168
94
0
0
438
0
0
21
0
5
1194
0
684
3
0
81
0
0
0
0
61
0
0
0
648
672
53
0
54
0
356
14
311
0
45
75
270
24
0
380
0
0
0
0
0
41
130
0
0
0
726
0
0
403
0
28
0
439
0
4
252
410
0
42
6
349
0
30
0
226
26
0
46
0
603
0
12
0
40
0
0
0
173
0
0
0
299
795
159
191
0
0
0
206
0
0
0
0
1
0
0
73
46
0
89
141
277
149
0
261
0
23
287
4
0
122
618
32
19
0
0
0
37
0
0
0
0
451
558
151
0
68
247
8
0
0
0
0
4
0
373
151
0
0
15
27
0
61
0
0
0
0
0
0
0
0
42
129
0
0
22
320
0
0
108
0
0
1855
0
7
856
0
0
330
0
0
0
0
0
0
0
0
10
0
0
0
0
0
136
252
0
30
0
0
160
0
0
174
119
44
0
0
0
0
0
1
0
194
0
0
179
0
0
0
519
0
0
835
225
940
187
0
0
0
0
0
29
774
38
148
184
0
1
183
0
1212
0
0
0
261
3
139
668
0
0
4
0
443
0
0
450
0
528
627
485
0
0
0
0
0
0
0
0
0
412
195
0
0
55
0
413
0
0
438
0
413
0
101
0
0
6
0
4
188
561
0
52
0
0
109
0
126
0
80
440
0
0
0
405
1070
111
0
6
0
605
0
0
101
0
0
0
304
1
0
41
0
159
230
0
472
0
0
20
20
0
0
0
7
26
0
0
18
0
183
0
135
0
0
28
423
0
0
0
27
115
0
490
0
102
0
137
0
0
0
96
782
36
0
0
67
0
968
182
0
0
342
0
0
0
0
0
52
0
518
0
425
0
0
0
0
0
0
0
265
0
0
0
0
0
119
486
12
219
30
89
93
570
36
22
0
0
165
491
0
0
0
28
0
98
253
451
0
402
867
0
0
0
57
0
0
0
0
0
0
0
0
0
403
0
0
439
270
0
35
23
59
0
31
48
103
0
0
0
479
0
678
0
0
0
494
0
0
19
0
0
0
141
971
0
30
631
0
0
0
0
0
0
0
0
405
0
76
177
0
0
0
0
0
0
0
0
79
651
66
0
0
0
52
0
0
23
6
0
525
406
0
133
0
0
0
151
18
134
0
0
49
0
12
116
0
929
0
359
0
0
0
56
0
30
130
0
17
17
0
0
0
406
0
29
50
533
106
0
201
0
0
88
1
0
399
36
339
0
