36
36
271
154
760
0
0
80
13
0
0
0
0
8
215
314
0
20
0
0
0
0
7
1
976
35
408
0
402
1
0
447
8
115
0
23
0
171
27
368
0
0
0
97
0
0
0
0
0
0
123
0
0
335
0
490
607
0
245
0
269
0
0
0
44
87
0
0
0
0
0
368
0
0
0
0
36
646
0
0
63
0
0
0
0
240
23
0
0
0
18
0
0
0
443
0
10
0
0
0
213
0
0
61
898
266
210
182
79
0
64
0
0
0
0
0
0
0
19
0
291
2
0
0
16
32
32
291
150
672
990
0
0
0
85
12
0
0
0
0
647
324
1029
0
0
281
101
0
120
0
104
26
0
0
155
0
23
0
0
0
0
0
332
0
0
0
504
147
78
0
0
0
0
0
0
0
0
261
374
117
0
0
0
95
0
67
0
540
309
0
0
0
761
8
0
0
108
0
0
671
67
584
8
0
5
0
545
0
0
0
158
10
0
0
646
0
0
0
228
307
16
5
26
128
178
105
0
0
0
0
0
0
137
0
0
224
0
67
0
111
376
0
222
29
0
165
0
0
0
325
67
396
0
41
574
0
336
0
377
0
641
0
0
113
0
44
0
381
99
104
14
0
208
0
1
0
0
83
505
19
0
173
59
0
0
796
0
31
0
0
31
0
0
0
1
920
0
69
0
345
0
0
473
0
99
14
0
0
0
0
145
312
140
0
0
30
21
0
454
0
0
30
0
0
37
21
0
0
17
56
0
25
0
671
180
95
0
0
0
910
0
0
746
0
14
31
0
0
0
76
36
59
639
20
0
0
18
0
1641
770
64
51
125
0
428
0
0
100
0
298
389
211
39
0
0
4
0
0
190
211
0
0
829
0
52
0
798
0
0
114
0
1
0
0
0
0
13
0
0
10
0
341
37
0
0
0
0
191
0
0
501
0
0
0
0
0
21
941
0
211
138
0
226
0
0
8
0
0
0
14
0
0
0
0
1086
0
83
0
0
0
1125
15
590
0
0
0
0
0
0
0
0
346
0
0
21
345
0
0
68
0
22
84
0
45
0
0
0
0
59
0
44
0
0
0
0
95
730
439
0
174
0
0
0
0
209
0
0
0
56
0
0
0
151
0
0
0
0
141
3
0
0
0
558
0
104
0
0
0
0
0
0
0
51
188
151
152
0
41
0
169
0
678
285
0
0
0
1454
0
0
24
0
0
0
0
0
177
163
0
269
17
0
0
323
0
0
0
32
0
0
138
0
0
28
9
0
0
0
0
0
0
5
0
0
0
0
339
187
0
0
441
29
106
588
22
131
0
102
0
38
0
47
744
0
127
0
95
0
0
0
0
0
583
0
0
0
0
95
0
0
577
0
0
212
172
434
0
443
352
0
0
0
0
0
0
0
251
80
0
0
22
863
0
0
0
155
729
0
146
729
0
252
0
0
0
235
122
0
0
338
1306
0
0
0
197
0
0
576
635
0
58
0
109
0
0
0
51
41
183
0
555
38
0
0
150
0
0
0
25
0
3
0
0
97
0
138
0
79
0
82
0
0
0
94
232
27
750
0
0
94
37
694
0
30
0
0
65
852
108
99
0
0
0
0
0
61
0
0
0
0
43
887
99
0
0
0
759
0
0
27
104
0
31
289
0
59
540
0
0
0
0
25
12
92
39
40
0
0
0
16
0
47
959
33
1051
132
0
33
0
0
0
0
0
24
0
722
0
5
0
42
32
0
0
32
44
0
0
136
0
27
0
0
0
186
0
357
470
0
232
80
0
0
0
0
0
0
0
9
0
8
634
0
0
251
0
0
211
0
0
0
0
1134
0
0
0
0
51
556
0
0
5
0
0
0
842
89
347
171
65
423
0
375
0
8
539
8
60
0
36
0
132
111
0
8
0
833
0
29
132
0
0
17
0
0
0
135
24
0
0
0
0
0
0
106
0
0
0
0
145
0
0
0
0
205
0
126
0
0
1
312
82
0
292
0
0
0
0
0
0
0
52
0
0
212
334
82
0
0
0
0
0
479
13
230
232
576
2
0
212
356
0
374
0
0
0
0
0
0
0
48
0
0
0
648
0
0
0
678
20
0
97
0
0
0
893
119
495
0
0
276
0
0
545
194
742
0
0
0
0
1
0
0
0
126
0
0
0
0
0
737
27
1
0
0
97
0
256
0
301
0
0
0
82
425
40
0
97
93
0
51
4
0
0
821
137
0
200
33
0
63
0
0
0
0
