94
145
104
65
76
26
58
27
433
26
0
76
1847
57
13
102
0
34
48
0
29
52
64
120
0
0
128
33
84
395
0
0
383
471
0
0
0
100
0
0
0
53
0
0
0
0
0
386
0
23
0
0
87
73
0
0
15
0
0
0
0
207
233
227
0
0
0
0
132
65
306
0
0
0
68
362
0
0
0
0
0
0
95
20
0
243
0
50
0
0
0
0
0
0
71
0
12
0
0
0
271
78
41
0
0
0
0
0
49
69
0
52
367
50
176
0
0
0
413
0
0
0
181
99
59
20
0
0
195
3
230
0
120
0
65
0
0
9
45
0
17
0
0
0
188
802
0
14
0
423
26
152
121
0
317
0
268
0
0
173
300
74
0
0
0
0
0
1031
0
265
3
491
0
63
0
0
0
0
0
0
100
1175
0
0
86
3
0
498
0
0
0
0
150
0
780
0
501
548
158
261
0
18
0
0
8
419
0
0
88
0
21
394
0
0
31
0
253
421
0
22
0
0
0
0
176
0
0
2
0
0
73
0
0
0
474
0
423
467
0
0
685
0
0
0
136
0
0
279
0
0
0
332
0
50
0
3
52
0
93
0
0
0
127
142
301
958
0
0
0
297
539
259
0
236
2
0
0
0
122
0
0
0
0
0
0
36
0
0
25
0
0
0
0
142
0
0
0
0
0
0
19
0
6
23
490
53
372
167
0
0
331
43
213
0
0
0
0
171
0
231
0
0
0
0
0
0
0
0
0
77
0
0
0
164
314
462
0
0
0
0
274
369
251
0
0
64
0
114
0
0
345
196
0
0
0
0
210
0
0
0
0
0
0
0
8
183
0
54
365
11
42
22
0
570
83
34
0
0
0
66
67
0
754
120
47
0
0
32
0
0
94
0
148
93
0
0
0
0
261
0
0
124
42
0
50
17
0
250
0
358
0
3
23
0
0
0
91
0
2
0
391
148
0
0
0
0
0
204
21
0
10
0
0
7
22
77
109
0
0
81
51
0
3
405
0
35
50
0
0
556
0
39
50
291
0
0
0
0
0
0
0
0
534
0
0
0
0
0
0
0
178
402
0
26
896
0
60
168
0
0
52
0
199
0
0
0
49
0
104
0
0
0
105
865
0
0
0
39
0
0
2
513
196
0
0
0
7
0
125
292
0
0
0
0
201
174
221
0
643
340
0
0
17
500
0
0
0
8
369
292
72
0
0
0
0
0
286
0
30
0
0
81
0
0
0
198
618
60
0
9
0
0
43
8
384
400
32
0
0
0
0
11
0
286
0
96
0
0
0
23
675
0
35
0
397
484
0
306
0
0
278
0
0
0
0
785
0
87
0
0
0
53
110
0
77
944
0
0
582
836
0
0
0
151
0
0
0
0
195
0
0
0
169
184
0
0
0
0
74
639
0
209
0
0
0
0
0
0
0
0
0
0
3
5
44
246
0
0
60
119
0
0
772
0
0
37
0
122
0
786
73
115
0
0
0
49
0
0
0
0
0
0
0
0
0
0
44
125
17
545
238
0
0
0
69
0
0
0
271
17
0
0
0
0
0
458
0
10
27
0
0
0
0
73
63
786
447
117
0
0
137
0
0
0
0
0
0
133
0
94
180
0
0
0
163
0
43
0
0
83
0
0
0
0
39
120
0
226
32
0
88
0
0
203
374
0
134
0
74
115
0
0
0
31
0
0
205
538
0
44
259
109
0
0
313
205
0
106
0
0
783
0
0
0
511
0
0
234
80
5
0
237
119
0
462
0
31
0
153
0
450
119
0
0
0
0
469
0
0
286
0
119
0
0
401
187
0
357
0
0
67
0
0
104
0
0
0
659
14
0
0
0
595
0
49
7
6
56
0
418
1076
92
59
0
0
96
0
323
0
0
0
0
556
0
0
109
0
188
0
42
503
0
44
35
44
270
0
122
72
0
0
346
0
0
0
0
217
0
406
0
0
0
0
153
0
0
55
0
0
0
0
122
0
31
145
0
651
24
0
0
0
0
290
0
118
452
0
0
184
157
0
11
0
1029
0
1496
726
180
0
0
207
0
0
0
1247
164
236
237
0
0
324
0
0
220
0
520
641
0
161
0
0
771
55
0
0
0
0
0
55
0
0
0
0
0
0
964
572
0
154
982
0
16
0
0
441
64
0
0
0
9
0
0
121
0
100
0
0
0
27
0
0
0
1
0
0
0
0
0
0
35
0
712
4
0
0
5
0
0
54
0
150
0
0
0
0
19
0
36
55
0
238
0
0
339
0
0
133
0
620
0
0
193
24
0
50
0
0
